3333 xxv 33. 333133 1 ι. 333. 3313333331. 131

13313 3318313 3331313 31 133313. 1133 3313113313333113. 113
3333333113. 83113333333311 31 cesse. 113 3333113 31 forme
33313 3311311333 31 ’13 31 331. 33133 31 333131, 33 arente
33113 3331313133133333 333113 3133313313. 03311331333333-
11 forse di 3333131333 31 mobile. Ferro. Duc 33333 31 scr·
331333. 1133313113133 33331. Merme. 113 3331313331 333
313131 ο. “

11 1131. 33 3113 333 23 31 3 3333333. Gn 333331 enno 31311 311
313331 331 giorno di ieri 113113 3333113 33113 13333, 33 31131-
tezen di 31333 33131 8, 333331313313 screto di lapillo 333
1333333 31 bronze 33 33 1333 33133 31 1333331313, econ 313-
3313 porcione di 331333.

11133113-1333 11 333331 3 133331 3133313 331331313 3
3333133333 3333331311 1131333131 13 cese. che precede quel·
13333133113 33113 8333313131. 11 lavoro 33 33313 331331313 .
3113333 9 11311333, 33 3113333 2³ 31 3 3333333. 11333313 333
113133133333133113113333 31 31333 8 331. 333 331133 333
13 313313, 31 bronze.

11 133113 - 11113 scena 333, 3 3333333131 333331 neerei
331 giorno precedente si 3 3313 331331313 3 fine 31 133333.
1113 333 19 ’13 31 enno 3133133311, 3113113333 31 31333 3 33131
33133313331 133113333113 3333 3333133313 331313333 333-
3333313, 11333333113333111. eruente. 1133 333313 31 modu·
13 3133313. Brenno. 1133333313 31 333313 33313. 1133 33-
1333 331 333 333133, 13 33333133 3 31 31333133 ’13 31 331.
1133 unguentario di 3113333 31333 ‘ln di 331. 1133 33133 333
13 313313. 113333. 1333333333. Tre 331331. 1333333113. 1133
1333333 33 33 331 1333. Due 133333311 di 3331333331333-
1333 333 3333133 33333. 83333 31 3331 333331 33333333 333

3333133 3313313 33 nn' 3333133, 3333313333313 3113 que·
33133 1333331 Benene.

9 133113 -11 levore he 33313 principio 3113 313333 333, 3
cn’medcsimi 333331 3 33331 33311 31131 313331. 3113 333 10 31
3313333313, 3113113333 3131333 331. 11331 33313 331 1331133
33113 3333 13 333313. Brenno. 11331333333 33133331 manico
3331 1333331313.

10 1333113 -· 3113 3113333333, 3 co’ 331111 333331 333331 31

111 (reaque -· si 3 3313 331331313 3113 3333333313 3113 333 ·

3 3313 3331331333313 31 31313333. 3113 333 23 31 3 3333333. .

1111333311 313 313333313, 33 3113113333 31 circe 33131 1
e 33333 331 33313 331 tablino, di 331 313 13113 33331333 331
313333 precedente. 333333. 1133 roien 1333331333.

 

