1666116 111 11. ran. 1. 1161661116. 93

1666316616, 666 6116166 ad 6611111166 16 166 666666616 6666
6 soconda 1631161111 66666 rimasti 161166116666616611666,
163616666663166616. 1166666 66116616 discussione 66 11 pri-
mo 61116 161 66116116,666166611116 di una 116116 166 6666
6111616616 66666666616 11 Pansa, fosse 61616 ab 6611666 66-
661166166 61116661116, 666616 166116 6611616 6116 66666616.
1111661666116666 beo 6616 opera 66116616 16116 6111611661
degli antichi Romani, vi 1116116366 616666 666616 11 cavedj
6 616] , oioe 1666666, 1616661116, 66616116, 6661611616, 6 16·
6163316616. 11 166666666661161161111 66116116 inclinato da
1611616 6661116666 11 666166 161 cortile. 666 66616661616
6661116 ben grossi irari, 6116 s’incrooiavano ad 663611 66111,
6116 61 6111661616 666616116. 11 1616661116 666 quasi 6116116 61
1666666, 666161116611616 6116 666166 16 666161111666 116116
6611661666 66331616 66 6661166 6616666, 6 61166111 66611 66311
66361116111616611116. 1166116116 666 11161166 161 1616661116
6116 661 11 6616666 116116 6616666, 6116 66616666666 11 16116.
L‘espiuriaio 616116 11 16116166116616 6 versare 1666666 616·
11666 61 11 16611 161161616, invene di 66616116 6611’166161116;
616616661611166163316616 666 666116 ovo ii 16116666 16-
sciara 616666 666116 66666616. 16166666 661 1616 16 616166-

6611661 111 1161111 casa 166631661, 66661611 primo 61616 66616 ’
66661116 61616 666166116 6116 66666116 poiche vi 666611611
666666 661166116116 1616 esser 161166, osecrvandosi 6666616
1161 61666 11 esso 16661616 11 16616166 hartuic 666 sensibile
66616616 verso 11666166, ossis 116616616, 6116 1166116616-
11611616 666666166666; 166 1166666116 16116 666 6616161166
16666 66616116636 6 666 66616616, 611 mediocre 66166616-
66, 611616 6666666616 666666166166 11 6661616616 1666666111
66616616 636611, senz' 66663316 di 6616666 6 61166161; 61
6666 percha io 66636116661 essere questo atrio i 6661611116-
66 166166, pomo 61 ia 16311 antichi Romani 11666 666666 666-
116616, 16616 66116 16166666 6116 661 6611111161 6111111, 666616
61116 6661661616, versando 61 11 16661 16 66666 6166666.
Stante 166666 16116 16 66666661611116661661 66 1616 6336116
16 66 66666666, parve che 16 maggior 66616 dc' 666161611 61-
36611 1666166161, 66116 1616 essese 6636111661, 6166166666
666616 16 evoro 66636116 661 6161 disegni.Feccro essi ezian·
11616116 666661611661 661 61616661 16 661 1611166311 edificj
qui 316 66616611, 66611 116166666 plausibili 6666166616 11
166116 16 661 666116616 16 1616 161666666616 6661611666, 6111
61616 compre uniforme 6116 Ι6611666111 6 6636161111, 6616 6111-

 

