, narn xxrr 31. rvr. 333133. 3333. a. anncnxxrn. 191

27, 331 modo 33333 33333333331113, 3113333 20 ¹l2d' 113113 31
3313333313 333 mappa di 333331333, 33 3331131333 33 mezzo
chiodo ii 1311331 bronzo. 11313333 30, 33113 313333 33331333,
3113 333 21 31131131333333331. 11333331133333133333133313
33 3313333113. Dua 31331313 3313 31 131133313111333133313
1333333313. 133 mezzi 33333331. 1131 1 3333131133 3111 12,
31333 333113. 113113, 331 modo corna sopra 333331113, 3113
333 15 3113113, 313 313333313 333 133331133313331333 di 133-
3333113. - Pompei 11 8311333333 1821.

25. Ν31 precedente numero 33333331, siccome 13113 133333
33311 soavi 3133113 333 311333 3 3133333133 33331313333313 13
3333 33113 3333333 11331333 31 mosaico. Cio 333333 33333113
33311 333331313331, 333331 ohe terminata questa 33333 331133-
13133333 33 3133131131333333313331 margini 31. 11, 33333
311331 3331333111333311 331311 331 323311 31131 3113 qni 333333·
33 331 133313 3 331333 331 quali 13 maggior 33313 3331113133
333 33333313 3311331333. 333 33 ingresso 13113 333 3333313,
ma 33333133313 3 quasi 3133333313 33113 3333 3331331133.

Β3111331333 3333 13333 31333133 33333313 3 333133 331 33-
31311113, 3333 33333 131331333, 3333333 33333313 3333313313
131333 333311 3113311331, 3331133331, 3 33333311133 diverse,
(133331 1333 3111311333331133311 331333 argumentare, aqualo
usn 3333313333313 333113313 131131333133 333133333 33311 33-
· 113131. 1111113113331 3331 3 11 33113133 1 333 31 31133 313333 di·
sadorna 33113 333311, 13 quale apresi ad 3313313 331 3331311113
3333313313313. 13 3333113 33113 333 313333 3133333113, tro·
vasi adito a 133 333333311333311 ignobili, 331 primo 331 quali
3133113 13 33313113 3333 rampo, 3133 1333333 31 3333333 piano,
3133333313 3313313Ν31 13333 componimento vadosi 333313 31
iabbrina, 333333 3331333331333311333333 immonde. Tuui
questi 3333331133311, 33 33313313 313333 gia deserina, 3333
333331133333313 esser 333333333 1333311333 1333 3333 1333;
3333333333 333 31 31 33333333, cho 33311313 31 313333 333113 >
infelici 13311313 333113313 33113113 33113 mura, senza orma 31
131313, 331 333313113 333 31313333131333331 quindi altra 33333-
3313331311333333333113(3331331 3333 13 un 31313113 133333133,
33333133313333 131313 33113 3333 3333333313 333 mazzo di
nna 13333. 1113333333 31 (333313 31313113 31333333 3113 3113 33113
(3333133313 313333 3313313313, 3133 3331333331 3 331133131333 ,
331 Foro 313113. ni (331 3 3113 13333331 333 313333, 33333313
33113 mura 333 313333133331331331133113331 3131311 331 13333
3133331333 33113 quali 3333333 sembra 3133 313333133313333- .

 

