281 333331131131( cononum 31333131

331111 3111. Ν3113 333133 13113 3333 33331 31333333 11 cocco
131113 (11 31313311 33333333, 31 3 (1333331311333331133
3331313 (33333313 11 13313. 111133 133 313 3133313. ma coo
1333 3333331113, 3 3133133 31 333113333313333313. 1133113113
1313133333. 1133 3133313 33333 1113333313 333 3131313113313.
1133 1111313. Τ333333113. 1133 333333111313. 1133 conche 33113.
Ferro. Uo moglio. Uo 3313. 1133 113331313333. [1311111133.
Veoo. ooo 1133331ιί33 3 33113.

’ 11-11 Decembre—l 1333311133333313313333313 133 33311,
3133 33113 313313 131131331333,313 13311333 3113113 3131113113
31133313 33113 3333 3 133133 13 313313 33113113. Uo 31333133
(33331333 3 133 1113313311 3333 3113111 3113 3331333133311133
13111, 33113 3333 3 133133 13313313 (13113 Fortuna. 113113 333133
13113 3333313 3113 3113333 331 13111313 13113 Fortuna 31 3 3111-
333313113333311113 133133 do 33311333313333 33133 (131 grano
corbonizzato. [1333331313. 1133131311 more. 13133. 113313-
3311113131. Terracotto. [1331333333. 113 3133311133. 11331133·
3333131313333113. 1133 333333111313.

12-13113331111133-1131 portico (13113 33333133333 31 3 ogom-
113313 quella (31331113 11 13333 3113 33131333 13 (333113 3131133,
3133133313313 13 1333 33131333 13 33333 113131333. 3 31 3 313-
333313. 1133333. 11333313131133 1131131333 331311 1111, 311313
1333331111 13333 331 333 1331113133, 11 (1131331313 3 13 133
pezzi. 1133 pentola poco 3333333313. Uo 333113. [1331333333.
113333311333333313313. 1131131 3111311 333 13313 crosone.
1133 333313 1333113. Uo 31333333333 331· 11333 333 333 1333133
(1131333313. 0331133 3331111133131. 133 (3333331113 differenti.
Tro 33111113, (13311 3333 3111 grando. Uo 31311133 3133311313
131 13313. Tre piccoli 333331. 1133 1111313. 13133113313111-
3113 1113111333 31 33 3133133, 333 33113 33113, 33133113 bocco.
Uo lagrimatojo. 0333. Uo 33333 3111313133 forato. 11331313.
7333333113. 0331133 31311131, 311311 333133113. ’

16 Decembre — Si 3 13333313 331 11313333 33113 313313 13113
Fortuna, 11313133113 33313 331 313313 3 133133 13 313313 313-
1333313, 3 33313 331 3333333133 13 1331331133. 83333 31133 oo·
311 .

17-22 Decembre-l 1333311133333133313 113333 3333333113
-33131111331 notati. 1133331331 33333111 1133331 soavi 3113 333-
33333131 1313113115. E. 11 Ministro (1331133311 1313331, 3
333 3331333313, 31 3333 raccolti li scgucnti oggoui antichi:¹
3133 33113 313333 3 133133 131 tablino, 131331331 3331311113
13113 oasa 131 1133113111 33133311. Bronzo. 0113 33311 11 figora

 

