⁴70 33333331333131133111133 1111133311

1311. Famigiia‚ raccolti 133333 3113333111 3333331111131133.
113 bei vaso 1111331313 333 333 3133133 11131333313, 111 3113333
1³³¹· ⁴ 'lo 111331. 33113 bocca Ἰ, 111 331. 13111113 313313133-
so unguentario. Tmacona. 113111 grandi 3331 13 13333311. La
3331313111331331111331333 33133331 3313111 innanzi aoconoia-
133313 33313333333313 331 63113111· Becco.

Prima di 33313131 13 Anguste Pei-sone 311 assistere 31 teste
menzionato 33333, 33 333333 gia venno 31113 13113 13 313333
313333 333331333313 11133113131313 113113 1131133133 idi cui
3133113313311 1111333331 3113 3313 3113 pongo qui 33113. Brenno.
113 3133313331 333313311311131333313, 111 311. 311111331. Anno
simile 33133111 manico. Un pineolo 3333113 311331313 33333
manichi di 311, 13111331. 1133 33333 33313111311. 1 ²12, 333
3331133311131333313. 1133331313 311 33 manico 33113 13 33
1313. nino 3333 311331333, 311 33 manino distensam, 311113
di 331., 111313. 33113 113333113111331, 1331331331313 13 33113
pani. 113 1333333313 111 331313. 31113 vaso 111313333331133-
3133 1113133331οά1 311. 213111 331. 1133 bellissima, 31133331 113-
33 33333333131333133, 311 33 331 13133, 3313133133333313111
1313113111 331113, 1131 331 333133 sorge 333 speeie di phallus,
privo 1131 3331313331313. 111113 3333 grande 311331313 13113
133333331313, 111311. 331. 1113111313. 33113 bocca 331. 1 ¹14.
La 13313111 33 gangbero di 33113. Vetro. Cinqoe 3331 3 ba-
33 quadrata 3 bocca 311331333, 1133 di essi 311 33 manico;
di 311. 11 133331133 111 3331111331 331., 11 31131130 ’111 111 331.
113 3131131111 3313311333. Ferro. 113 1333313113. Varii 11331-
menti 13 313331333111311. Τ3131133113. 1133 1333333311 3313313.
113 3133313 111 3113333 3313333. Varii 31131 3133311113 13113131
31 3111.

1733333 313331313 311 3333333131, 311313331 11133113 qni
di 33333 331311 31 113331333 33311 31111 13 333 333313 3313 313-
33311313113 13333, 13133311 31113113 33333113 331 lungo 33333333
111 secoli 3 1133133313 33331313333, 33111313 3333333 13 3333-
3113 313333 313 1331113111 33333333113111 legno, dove 331133·
133313 333133333331 1 333133311131111 siccome 13113 33133313
33313113113 13 3311133113 113113111313113 33313333 legnosa, 3111
311131113113333333 31 31 3111313 1333113111 3331131 333113 110·
3313 3133131313111 acqua.

01113113113113 qni notate 3333, 33311 soavi 113113 13113 33-
131311331331331313111, 33333111 133333 gli 31131 oggeio 3113313-
gnono. Brenno. 1133 31331313 33333 33113 331 13111113. 11113133-
3313111 13311313 31333333, 3331111113 33311 13113. 1133 11111333

 

