878 .' moun 4400444444 mom
440400044 00440 4440440 4440 00444 4044444004· 4444440444 04

04404 044. 7 044 40040 00444 44044434, ohe 00044404 4440040044

04 004 00444 044 44004οι40 che 0044433444 10 04434004 001 Foro
oivilo, si 0 44000440. 0404440. Una pignotta 44044 manichi
40444 004 40000, 4444 044. 0,80. ¹

444 44444040-044 004444 0 04444 04 4044 00444 siesse ore
4040040444 444000 dato principio 0 fine, 44040 44 404044 04 04-
44040040, quanto 4 quoni di 4004044440οἰ. Gli 0330444 rinve-
0044 4444444444 04 04404 0449 04444040 044 40040, 04440 strato
di 44444 0000 44444. 4044000440. Τ44 lucerne 40 00 40400 004
00444400000040 manico, 030004 04ζο4404. 041. 000. Un va-
40444οο 44044 manichi 4440044. 0,3³. 14404440. Uno 0400044
04 0400040 400040 0044044. Uo 4444000 000 44 00444400000044
404444, 40030 044. 002. 0440. Uo 04440 0444004400 404440 404-
40. 00 40404440 004400, 0440044440 4400440 001 4440οἰ004 4404-
00440.

48 4444444040- Ano orodi 40444 344 44444 giomi 0000444 oi
00440 044004οἰ0 44 444044 04 4444044040, 004 4404404400οω
04 44404440. Una 0400444 04 modulo grande 0044044.

28 4444444040- ’444044 000444 4 4 04444 dalle 040 43 4 4044·
44, 4440040 23 0 400444 4440 0440 0403400040οι0 44 444044 04
0444404040, 00440 0444 40444 40040444 40044444 00444 40 0004000-
40 004 44040 044444; 04444 4 0444 440 04444444 0404440440 44 404·
040044 44 4000 occupati 044 40 44044444004 0430044 04440 4444·
44440440. 444440 4334044444 44 torre 00440 444044, 044 44 4444444
000404040οἰ 04404 00 4444000, 044 4000000 0044444440 00440
· 40044444 40000440, 44 0 44000440 414 4440444 0404404 044. 0 044
pavimento. 0440. 40440 00 4440444οο 04 4440444 044. 004, e
di 4443440444 044. 0,48. 8404440. Duo piccoio 00000 04 444440-
044, 030004 04 04440. 044. 0244. Uo' 4444 04 44444οο44, 40034
044. 4,40. Uo noello 444400440 40 00 04440 04 40440, 40440
004404443οο 00444 00404404 04440044. 00 0440, 4440 044040.
440 4440440444 04 04404 044. 40 044 piano 00444 40444 40044444,
44 4440 44044440 044 4440040440 cho 0000000 40440 40 4040044040,
40 4030440 04444404 00444 0000 40 44434004 o 44440 440400040.
immota. Ciaque 444404400 000 4040400 40444, 440 00440 00414
030004 04 04404. 004. 0,30, 0000 04 04404. 044. 028. 44444
44444 0444 344000 40444 40 004 04444 041 44444440, 04 diametro
044. 000. Duo 04444404 400440 000 4440400 40440, 04 diam.
gffissngeoahgboio di Mercurio, 00444404οω40 00404044 Ι

20 mimo-1 444044 04 0444040040 4444 4040044οι4004

. 000 443400 0444440, 0440 sono 44440 depo .

4

 

