113111 131 11. 331. n. nocccxxv 13 111111 1311113. 1. 3333311131. 111

13333 331. 1111, 3331331113331. 1 ¹12. th secondo recipiente

trovnsr 333 311133311 brenac, 13 131313 cononica con nn ter-
33 3111 capace recipientc 1331313313 1113111111 111313, 11 cuipia-
no 'e 3111 3113 11 333113 3111333311133311111 2; 13 333 133·
3113333 tr di 331. 8111, 1313113333 331. 1 111, circondato 333133
1311 13 33 11133311 3113333331. 4¹12, 313333333 3311 ¹12 (13·
333111333313113), 31 333313 331 quarto teto 1133313113
13333113133313. Quat 333313 331 111311113133, 11331 quidi
33333 ho tatto 333313, 31 31333 1313133313113133333131133·
zadi 331. 2¹12, 11 13333 331. 1111, 333 1133133313 133113331333
verso 1 133 recipienti 313133331111, 31113 grandi 1331133133
311 331 333 31333 13 133 fite: 331 1313 3313333 3113113333 113 33
331311131111313331111111113313 intonecatc, 3 3333 servisse 31·
1333 stesso 331 3313333 negti odierni 1333131 11 boceto i pez·
31 11 13313133 33311 13 31333 1113113313. Atta 3313331113 meridic-
nate 11 questo 333313 giacciono 13 1133 3331313113 inferiore
133 31331313 3333113, 333 3111111331111131313 murata 1131 mae
33111311111133, di 1333113333 331. 2111, 1313113333 331. 1 111,
protendite 31, 11 331, 3113331313 333133131113133 31333111,
11 1333113333 33111 331. t, 313333333 31. 1, 3113333 331. 2113,
313333331313 333 13133 1313 311 31111113 133331113 3333 reci-
piente: 13 seconde vasca c tutta 11 13111131331313333313 11 13-
31113. 1 113111 13111 13 queste si scericaveno net 33333113 333-
3313 33113333.

Si 331133 31 1113331313 13’ 133311111 recipienti per 333 333-
13113 33313 1131 333 1313 133311133313, 11 quattrc 3331131, 3333-
3313333331. 1 311, 13333 331. 1, 3113 331. 1. 13 3131131133
333131131333331 33 33313113 333313, che 3311133133 331 3333·
13, 11 33313 3133 intorno 3113133 33333313. 11333313 3 queste
33313113 113331 bocca di 31313133, 3 331 1313 meridionate detta
Futtcntcc trcvesi 33313 11 1133113 31 33 313313113; 331 133 re·
cipienti per stemprere 13 3313133 ; 113313333 31 1133 cernere
terrena, 3331311 31 333 33313113 3113 333331333 3113 3333-
11331 3331133331331; 33 13333 1133 3131113333 3113113 31 11 33-
333131 3311133 13113 333113333; 31113 33313, 311313133133113
31333 33111333 3 11313333111313, 1131313333 331131131111; 13
33331311311333111333, mediante 1333331131 3 31331313 33313,
si ascende 31 31133 33313333111111133313 13331313, 3113133 13
133, mercedi 3333333113 3 3113311133 11 1311111133. 033313
tra 1333113 31 portico merirtionete 13113 1311311133, scendendo·
si tre scetini.

Finetmcnte 33333 1333313 orientete det 3331133 1133331 333

 

