⁹ nii »3331331331331331313313133333

0313313333 331 3333133311 3113111313, 13 quali 31 3333 11333-
311313 133 311 3333111 1333111111, 33333113 13113 333313333313
3333333313 ed in frammenti.

11 1133311133 ...1 13133113111 3333331113333333111313333 33-

11333313113313331 33333113311,3 331 133133113 3113 strada 1131- '

¹ 13833313131313 3131333113, 3113113133 111 31133 331312 31 111
33333 (131331313313113, 33313 innanzi alia 11311333 3333313 331
3. 11. 1133333. 113333 333 33333 111 candelabro di diametro
61133. 1333133133 ha 331333331333133, 311 3 33333313 111
111111111111111111“11111111111111111111111
, 313333313333311 i 333333113333111. 11331133. Due monete
3333333 di modulo pineolo. 031333. 0331113313331133331 di
33133 3333. Ferro. Un 333313 333 333113 311 3313331111 13333
51133. 1333333113113 313333 311 33 333133 3113 117 3. 113 313-
3313 3333331113.
- 1303333133-1113 333 1111311333333 21333313 9
3333131 3 dato principio 31 131331 111 3311333313, 3133 hanno
avuto 13333 31 33113 3133113 113113 senatrici, che 3113333113

113113 Basilica. Τ3111 1 131331 si sono 3333331 3113 333 23, 3 1
311 3333111 antichi 3131333113311333313 3113 313333 13 sud· 1
113113 3133113, 3 333331333313 311· 3113333 111 31333 33131 5 31
111 33333 1131 3131313313113, 3113 3 innanzi 3113333313 11311333 ,
13 3333113 3 33113 313333 1113331333 di quella 3333313 331 n. ³
’11 , 33331 33333311. 3333331133 3133313 3333333 31132 1133. ’

113 vaso nd 33 333133 13113 13 133333311, di diametro 33113
ιὶο11111131111133-- 13111 11311331 111 33333 3333133311, 3 333-
sa 113113 3133313, hanno avuto 13333 333 313333 31313313, 3

311 3333111 3131333ιί 1311113131 3111 3333 31311 133333311. ,
3113113333 di 31333 33131 7, 31 111 333331131 33313 13333 1131 ³
‘ 3331133, 3113 13 3333113 3113 11311333 3333313 3313. 'n ,11133- f
3311313113 311 33 333133 [3333331313 33113 333313, 3113 1
6 1133. 113113 313333311331133331131131333133133313131331131 2

tablino, della 3333 3333313 331 3. 111. Una 33111313 33333313
1131 13111133, 111 diametro 33331333 331. 1 3 15 3., 13 quain 333

3113313 33313 33 13333113 111 131111313331313131131 33313 di ,
113113 313333 33331333 1 33133, 311 13 fine 31131133311131333 ,
33131 5 31 di 33313 1131 333313313113113113 (13113 3133113 113113 1
83333131, 331331 fondo 113333 13333 1 131311 111 3313313313, ἶ

ai· sono 3113333313 due 13313 di 31113111 33313333, 31333333 111
1333133 c,

 

