1 3111111 13111111 11. 113. 1. 33333111. 33

21 333113 -1133113333333113313113133313113113 33331133
311333 33313 31 1313 33113311133313 3313133 Foro civile, 33133
13 13 1333311331 331 3113 13333113 33’ 11 3333313 13333, 3333
3 111311113 31 3333131 (133313 31333313 3133 3113313331333 31
331. 53133311331331131313133113133, 3 13113333 33113 313-
13113 3113 13 3331333331. 23 *11)331 333131333131333113313
31 33313 11 113133113,.333133113 13 (133313 spirante 3311131333
31 sono di 313 33333113 33113 33113333 331 3331311 31 essa
strada. 1133113 33313 3 333113 33333 1 31133111 131313133133-
33111 d' 13133333 3131313 31 33 331 33131 rosso 333313, 333 13-
313333 essere 333313131313 13 33111 1313133 31 esse, 3 forse

servir 33131333 331 3311313 31 33111331311 3311331331 ; 13 al· '

33 331 3113313 33131333, 131331 31133111 1313131331 333113111
sono 3 31311331 senza 13133333 313333, 3333313 33311313 (11
133331313 3313331333 33113 333333313 3 333113. Ηο 1333111133
31333313, 3113 si 313313333 13 313113133313 33113 311333 313333
331 13113 1’ 33113313 3311131333, 3311331 33311331313 3 313131-
1313 111313 333113, 3313 13 13313313 3111131313 3131333333 33-
33111 3311131 31 qualche 11131113; 31131333331 1311, 311313 313313 “
1311. 133113131133133131 31333313333 311313131 33 S. 111,
se 33113333 essere 3131311311 13 3131313333 33113 311333. 33
33 333 33333 33 13131313113, 333 33 313 sono 31313 313 3313
13 3133331ιί331, 3113 1333111 333331131313 11111313 1131331113
33131313 31 3333311333 3 133313 33311 313131 31 S. 11, 3
331 13333 313333 1113113313 333 313333 31113 (131 113133313 33·
133333313313313.

28 333113 -Α 133313 31 quanto io 13 1113111 333 3113 13
3311333121 33113313 mese, 33333133313 13 313333131331 3
me 3313 1131 131 3133333113 13 313113313313 3311333333313
strada, 113313 31 1313 33113311133313 331 Foro civile, 331 13113
(133313 spirante 3311333331 311 3113131 331331111311333113
stesso 3331313 31 3313333 113 33113113 313333 3331133ιί 13 ,
131 1313113 33 33333113 31113113 3331331333,33311’33113313331
3131131333313333 3 3131311313 11 1313 333113 313333311333,
3313 1333331 1 31133111 1313113331 3113 33113333 333 13133333
3131313 , 33313 333 33113311, 3 3133113313313 331 13133 31 leg·
33 33113 331113 1311313 13333 (33133333 13 33333313 1331111333

(1118111111 · PANSAM
Asu-Pssvmssos

11113 31313113 331 33113 313333 311333 331 secondo 31133113 in·
13133313 3113 33113333 senza 13133333 3133331133311113
sou. 11. ⁴

 

