3 61111 ι. nro. 311 xv ι. rm. 1. 1111663313. uo

6116 S. 11. 11. 11 Principe D. Lnigi 13316116 di S. 11. 6 663 333-
63316, 611 13 663 33666333 61 ὸ 66633116 633 66333 13 1166 363-
11. 13 311133 36113 secondo 61331133 116113 3633 113116333 116-
6133 1161 0631131316, 661 6 13663113. 1136316113111361616 663-
. za manici, 6116 63311636 116113 3636; 611 13 secondo 36113 13631-
13 6611633 3 61316133 13 6116113 116113 1611613316111333616
dopo 11 3116616316, 6 3133116366113111113136116311311331161-
1633, 6116 13 63636113 361 giorno 111 116116 63616613311313
33666313111 S. 11. 11 ne N. S.‚ 6 616316 31 61613336116.

N. 11. Che 361 giorno d’ieri 22 33113316, 13 3311113116113 33-
11313 361 3311161 3361 di 36611311611633, 3116 1163361 1111131361-
13 3116 Ter-nne 361111113116, 11336336 3. 1061363616 di 1113316,
63. 12 3163616 di argento 6 cio 36363 1311131313 1161 133-
voglio.

111-30 1133116- Come 3611313 11666366 6611131333 61 1113-
33311316 13 336616 11631 6116, 31663611311113116366 61316113 13
6133113116113 Fortuna, 6 313311613 quella 336 3611661 13 166-
1333, 1663313613311311611331663, 6 36113 3611313 36363316;
361 331316 6 secondo dei nominati 133311 316316 31 ὸ 6366366
13 33336116 311 antichi 3336111.

2 8311313113- Verso 16 616 10 3. ro.‚c0n 31131616113161161
1 3311331611116113 31613. Α1611116116166313 1). 113113Β633661,
61 11 permenso a'signori Principe 6 13136136663111 11163116
111666331161 3366333613 1636 31666313, 611 113 3331313336
66113 [erza 11611633 3 61316113 13 strada (16163131, senza 113-
3661361 31333 6336116.

6311611111-4636 36113 11633166 6611113333 61 111333-
311313 13 36661611631 6113, 616136113111331336 3 6131611313 “
6133113 116113 Fortuna, 6 3163116 636 3611661 13 316661316313-
33, 13 336113 3 61316113 13 61131131161 1331633, 3 di 113316 31
1161 hannone, 361131111311666 6611336613 3113 3363 116113 di
Chiampionet‚ e 36113 3611113 363613161161 116111 63331. Nion·
16 31163361661313336313 3 13333311316313 111 antichi 63-

6111.
g 45 Settembre -Pin 11333311 31 6636. 11311316363136616
111 13 636131 6 1 33131 ὸ occupato 3 1116161131611 3331136316
116113 6113113 116113 Fortuna. 6133 31 quadrivio. 11 secondo 363
10 6363616 133111636316 11 3331136316116113611311311311613-
pio 11Ἀ633613, 61161 31661611616316366. 11 16116 636311133
Pompei 113116 61116, 316116, 63. 333 37 636131 6 duo carri,
61111131311611331136313 663 11636131 6 due 33131, 1363361
36116 311113116316311633616 3 336113 di Chnmpiooet‚ 611363

 

