13111 mv 11. 3111. 1311111. 331. 1. uncum. 3811

311 settembre· 113113 stesso modo si 3 travagnano, e 331
(1331311113 311331 3 1313311311131133. 113 [11113 (11 131113131-
313. 113 pezzo (11133113. Una 3133313 (11 3111111113 mezza-

no. 11311113113311333113 per 313133113331113 basi 1113133·
ghe. 113 11313133313 (11 piede di 131313 3 forma di zampa di
leone.

2 0113113 - 1131 silo (133311113 313 13333113. 11131113. 1133
3113331113 311331313 (33333313 (11 113 pezzo. [1333133313 13313
(11 33111113. 1133 3133113 (11 modulo mezzano. 1133 3113313111
33131133. 113 3313113113 331833131113113. 111113 1333313111 mo*
111113 3133313. 113 11133313 peso. Una 1113311331 11111133. 1133
33311311. Un chiodo. 13113. N. 13313111. 11311113. 1133 pic-
31311311313111331. 1111333113. 1133 1333133 331 333 manico.
113113. 1133 eoppa 33313313.

5 01131113-1 131311 (11 33313313313 hanno 31313 luogo 13
(133 33311, 3133 33113 strada della 1311333, 3313133331111313
113331313113 3131331133 (13113 13113. 3 33113 strada (13·113133·
1133113113 13333 333313 (1111133333 13 3333 (131113133131313.
11311333 3 331131113 131313 11 3333 31311 1133133311 (133111 3
16 operui. 1131 131313 (13113 strada (1311313311331131 3 11313-
3313 3113113113 superiore. 1113113311333333113. 13113. 113 13·
3113131313. 11311113. 113 31331311331313 31313113. osso.11npezzo
3111331133 131313. ’

120113113-111131311113 3331113313 da n. 16 operui 36
331113 13113 1133113 331 (11313113 (13113 3111311331, 3331331333
1131313113 13 3113113113113133113311, 3 proprio quelle 3113 re-
31333 di fronte 3113 casa (131131131113133131313. 111331311333-
33133113331113 ad oggelti antichi. ,

19 01131113-033 6 carri 316 3113131 31 3 13131313 33113 stra·
da 11311313333311, ed 3113113113 (11 pal. 9si 3113133313 33113
3331133313 3333. 11131133. N. 11311311 appartenenti 313111-
313131311331333313 (11 13311313 mezzano. Veero. 1133 13811133-

13113111 331 13111113. 1111333113. 1133131131133 311331313113 “

3133113 13113331 3133133.

20 0113113- Si 3 13131313 come sopra 31 3 delto, 3113113
331113 3113313 si 3 (13133313. 11131133. 1133 1333313 (11 picco!
modulo. 1311313113. 1133133313311331111113131313(13333113.

11 013111-31313131113 33113 331113 3333, 3331313113
dena (13113 331 1311113 31 3 1131331113. Ferro. Una 1131133133
33333 (11 1333331313 331 333 33113313, 11 131131133 3333311313.
31331113. 1133 3133313.

111 01131113 ..- 83311113 3331313 3 113133113ιεί 331131111311333
τοι. 1. , ι1

 

