4044 44 40 nn ιι. arr. 4. 44000044. 11111

00410110 0001000040 10030000 4044011 manico 4 001. Ι14... 104-
30 ιο1444. 110 4000 0001000040 40140 00110 000010, 001000 mn·
0100 (1104000040, 0001 ὲ 04000440 11 0040401410 000 00114140οΙ40
1 001. Ὗ... 11 manico 0 10030111...11000000110100300040-

04000 11 manico 1 001. ”tm 10430 4 401. ”1.... 1100 0004010

001 000 40001000 suo 4040401410 011011400104301 001. 11000
’ 041 00 0400100014ο”1.... 1100 01300440 0001000040 0140 ι14...
1100 004101Ιο senza manici 10030 4 001. ι11... 0 10430 4 palmo

0111... ’140 1040100440 004 000 10400 411300401440001003140
ιἸ... 00421444. 110 0100400 fragilissimo tntto framentum, 41
0044000040 01 411 00410 00 00440 014001040 411 marma, 10400 00
04044010, 0140114104400100400 1 001. 1100013004ιο 0001000040
contenente in 0000 01440 01300440 pin piacola 0440004440 004
400440 detta 40440 0140 ι2.... 110 04000000 411 40440 040 41 no·
00 044000041 4101040441 411 1440040 appartenenti 041 nuncnune,
100301 001. 0 1.... Ferro. Une 0010440100301 001. 0141...
110 14000104104400404004010 10030 4 001. 0412444. Une 34041-Ι
0010 4400404004040 001 0004000100 (1104000040 10030 001400 4
0 ”Ine 004 ”1.... 1044040440. 1100 01300440 001 000 0040401410
0140 rippa ”tire 110 0100400 0140 111... 1100 00404001010 dia·
1116110 m.

4412οΙ 404410 - Si 4 10404040 10 0030140 0110 14014030 000-
404401000041 411 Pin 111, 00040 noviti.

22 Apate-1 104041 411 0040040040 0400030000 00110 00-
00οι10 14044030 41000 000110 di 110 111 0 00110 01440 040040 000
41300, 000 0. 241 000401 0 1100441141 1040 410110 000404104ιο
14044030 41 e un passaggio, 000110 000 sinistre vi e nn 4000
0140 411110340000041 000 3400 040040 41101040 310110, 0 41000-
4040 411 440101 000 pampini ed uva 0 0110044101 411 0010414100·
00 040041 4104014000141, 000 0000111 0 1440400140. 10 410440 040040
41 0000 140 quadri di 001. 2 004 2. 1101 primo di 0001 vie
111111111111111111111111111111111111111111
3004140 01010440, 0 0033100410οἰ 401 144οο010411 questo 1040 001
00000; 00110 40000 4141410, 0140 003310 00110 3004140 stringe 4100
10000, 0400410 01 110000 00 0000 bienno stante. 10 41044011-
3040 ὸ 10 0110 411 3004410νο 0001440 113040 muliebre, 011010
0140000 40040 1410000 portando 00110 40040 000 040440 1000,
041 01400410 11 braccio dritto 00040 004 4033040 11 1004140 00-
periore di 000 0004040040 00104 3101100 portando 00114 0101-
atra 04000 000 1400014040,οό e 10 0440411 0041040 000 10113040
00410040. Forte 4 11100οε41 1041101000. 10 040010300 411 det·

 

