151 1333311313111 1311311111111 1113133111

. (113131333113311113 333 1 gradoni, un bastonoino 311 333
3313 13133313, 31111 11113113 33313 3131333331 sebben 311111-
3113113 13313 (3311331313, 311113 3311333 3 11313133 331 13 333-
33111 13113 3113 1131 333313, 33113 impedire 3113 11331333 (131-
13 11313 31131331313 di 13333, 33133333131133333111313313-
1333113 1333331331313. L’intera 1333113333111 333313 utensile
ὲ (11 331, 1 ¹l2, 13 1313113333 di pal. 333. Vicino ai pezzi [asle
331311 33333131 333313 33113 333131 33’331·113333113311 333111 ;
ed 1331113 3331113 anelli 333313311 3 (13113 31331313 3313, 131-
131331311311311331. A queste picciole 3313 33ὸ 31313 3113 31
133333313131331, mentre 311 uncini 131133131131333133311
333111 3313311313131 33313111 indicari. 1113311331 3113133·
desimo, 313133 311 333 333 diverso 1113113, 31113 33313 di
macohina 311 13333 innanzi, 331333313 di 3313 131113313, 333
3133113, 31133 11311111 331 (133 33333 (11 13113, 113 333111 1333
31131113131113311, 33113111313 11333311 113111 13 331113 31331313
3313333 bollone 331 1333111 13 1333 : 11 13113 (131 313 (13113
31313113, 3 (13113 11133113333111331. 2. Pooo 13331 11313331 fi-
331313313 333313 (113331131311131111113313, 311131131333 313-
(13, 3 333 133313 3133113311331313131311313. 1131313333 133·
3113333 ὲ di pi. 5, 311 113 313113 33333131313 331 33313313. Fan-
no 33113 (11 3333 candelabro 313333 33331 (1131333311 di 13113
3133113333 ed ornamento. Quindi 13333131 3331113 1333113111
131113131311, 31333333 1333113111 33331 bene 131333 31333113131-
13; 31113 333113 333 3113113; 33 313313133313313133131131113131-
13; (133 1113313113 3 313333 11313313311 di 331131313.
L’opinione 3333313 31113 1 gia norati 31333111 (13 333333113-
13 3331 sarebbe 1131331313133 33 3333 1331113313, 333 333331-
13113 333311333313313 333 313331 33333113, 3331113 331311 31
di 33113 ,degli 31333111 313331, 333133 1333 311111133 (11 31313113,
33331 331113331313 13 3333113 33113313ηά3 11 333 3333 3133313·
131333331. 5, 11131331331.1 3131331 fondo), 313113333 di pi.
2. Ν311ο113 superiore di 3333 1333 113111 1313133 13111133 333
313331313 3 33133 di 333313113, dove senz' 31113 cingere 3333
(13131331 333 13333313 33313 13113313113311331311311133ῑί 33-
3131 333 31113 1331 113313 31 1313 333111, 3333331131331333313
3113 3133 111133313, di 331 311333111311131333111133313333113,
per 31133131311 3333 1133311111 o de'flnidi 311311 31 333313113.
Gli scavi 3 3311331113331131 Foro 31331311133333 333 113313-
1313 3331331111, 331133331113 113313333 3113313313 (13113 Ful-
ionioo. Μ3111333311133113111 hanno 3111 333311 soavi 3113113111,
(1333311133 parole 331 3. 51131 333113 61313313.

 

