1313 m 11. 113. 13 xix 11. 113. 1. 1133333111. 161

13133311 331 333 11333313 331313 333333 3133113 sono 33 assui
3113 33113 33333113 31 verita. (11333113 13 immaginazione 331-
133133 inebriata, 3 13113133313 3331133333 33113331333313 3113
1333113333113 3333331133, 3333 31133183333113113 13 3333113,
311333 311313 33113 311133 13113 3113 1333331 giorno 3 11333-
33113, 3333 333313131 331 1313313 3131333 33133311331333313
3133331333313, 33 3331 13331313 31 31333113131113331113 vi
31 1331133 raccolte. 113 altrimenti 3333333 1131 13 331331·
33313 133113 331 31333331131 3133 133331 33 3313313 31 1331313·
33, 333313 31 1333313111 3 musaico, 33313 3333313 33 33 im·
313113 31 marino, essendo 3133 13 3333 rara per 33 suessa, 3
novissima, piu 131133311313331313131131 311313 333133131 ap·
33113, 3133 333313 333 3 113311313. .
Trovasi 33132 31 questo Giuruale 13113 33333 31 333
3313113 3311313 3311331333, 3133 1333313 13 avanti 3111333313
331 Ν3313113, 3 3113133331 3333331 manifestato, 'e 313 qualche
131333, 313131333113 133313 3313133 31 33 313-311113, 3113 13
33313 33113333 13313 331311311, 33 13333113 313131 331133 31
3311331311. Ε 33313333 questa 3333 133113 333133113 33313333
331333311131131333333313, 331 essere 11 3113 31113 tuscanico
313313 31 33313113 3111313, 331133113333 113 d'allura esposi
3133 331 13113133131 31 3331333 13131133133, 331 313 31313 ue·
cessario 3333333313 133313 degli 33311 13 131 13333. 0331
33113311331333333131 piaeque usare, 3313133311311131113313111
3 113131311 31333333 13113 subitameute 133313 33113 331133113
3111333, 3333 331113313 3’ 33331 3113 13133 13 33313 13313113
33113113331313, 3 311 antichi 333311333311 1313 3331333133133·
sero. 11113113 dunque 13111313 1111131311 3 131131313, 13 33333-
33313 313333111313 331311 3311311131133 31 31333 331 33111333-
13, 33133313 13 13 3331333 33113 quale 1113313113 3 11 33133-
13 qui di sopra 3333313333 33311333 31 33113113. 81113113 im·
313113 331 1313 33333 33331313 13 333 33331331 31333 331133·
331313,1331313313 31 3331133 33313, 3331131331 3333133 313133-
313 alquanto 3313331313 13131331313133, 331 13 13113133 33131-
33 33 133313 3113 33113 313113 1333331133. Versu 11 1313 3113
333133 borea 33133 11 3313313 31 1313133133, 3113313 33133333,
3133 133111 31333331 13333 33113133, 3 13313 33113 1331331311-
313 31 3333133.13 333 base 31113311333 3331113113 33 333 331-
31333 333331313 31 3113313, 3133 13311 31333. 31 331. 3 ⁸1⁴· Ver-
so 13 serione posteriore, 311313313313 3311333133 331 3133313
313333, 133133133311313, 33 13 31331 essa 13 bocca 3311331·
31333311 33133133 3113 331. 2113, 31133 111333313 3113111, di

 

