0811 · 1111111111 mmmm 11111111

111 111111. 11 (111 (1111111111 1111111111111111 11111
¹ v 111111 1111111111 scenica in 111111111111, 1133111111 111-

11 1113111111 (11 11 pedm 11111111 111111 11111111111111-
311111111111111111111111111. La lunghezza 111 11111111 111-

1111. 1,10, 1 11 11311111 111. 1170, 11111 quale si vede
111 1111111111 1111111.

21 8111111111- 011 11111111 numero di 111111111111 111
precedenti giomi si sono proseguiti 1 111111 di 1111111111
1111111111 111011111111,111 111111111111 de' seguonti 113511·
11. 1111111. 1)(11111111111111111111111111 1111111111 (11 pb
111111113111, di diam. 131111 ¹821. 0,30. Un pio'eblo 111-
111111111111111111131111. 0,2 . 1111111111 (11111111 11
111 portione della 111111 1 (111 giro 1111 [111031011111-
1111111111 1111111111131 11. 031.

26 8111111111-1111 111 1111111111 111 (11111111 1 (1111-
111 operui 1111111 1111111111111 11 11111111 111111111 (111
01111111111111 11 111 3 p. (1.11111111111111111111. 10
(1111111111111111111, 11111 111111 1111111111. 1111111 [111
1111111111111111111 11 figura 1111111111111,11111 (111
1111111111111111111111111 1111111; 11 111 11111 facee 1
1111111111111111111111,11111’11111 11 1111111. 1111111111
11 mezzo 111111 1111111111111111111111 11111111, 111111111-
11 ρῧτ 61511111111111. 11111 11111111 111. 111-0, 11111131
ΙἉ1 0111111-111111111111 11131111111111111131111 111-
11111111111111 1111111111, 111 1111111 1111111111 1 11311111
1111111. 1111111. Una (111111 111111111111. Τ1111111111111
111111, 1111 111. 0,11. Varo. 111 1111111111) (11111111 111
11111, 11131111. 0,21.

11 0111111 ··- Lo 11111 1113111111 111 1· 1111111111 11
1111. 1111111111101111111 11 111111, 1111111111 11 circu pal.
6 111111111111 1111111111111111311, 11 1 11111111 111111·
111 1 1111111111 bromo 1111111111, (11111111 (1111111111-
11111, lunga pal. mbo.

'1 Novembre -1111111 111 mazza 111 11111111311111
1111111 principio 1111111111111111111, 11111111111111111
0111111111, 1 11111 111111 11 lapillo 111 1111111111 11 1 11111-
11111. 1111111111111 pezzi di 11111 1111111111111111, 111111
1111111 1111113111 (11111111111111 11 1111111, 11 111111
111 grappena 11111111 111111, 1111111111111111131111111111
111111. rmum. N. 6111111, (11111111111111111111111111, ’
111 11 sono 1111111111 1111111 11 1111111111.

 

