1111111. 1131. 1111111. 111111. 1. 1133311111. 139

1311333313 33 31133311 3113331331 pietro (13333133. Bronzo. Due ¹
3111331. 113331333133333313. Piccoia 1133311131 333 333113. 1131
giorno 13311331 33333113, 133 1331133333 33113 13333 111 3333133-
zino neila 3333 33113 331 bronzi, situata 3 333133 13 333333
313313 333313 oon fondo 1333, 31 sono raccolte 13 3333 311133
3311313133 33333133 3333113, 33 13 33331311311311333 3 31313133
13 313333 331 1313ρί3 33333313. si ὲ 33333113. Bronzo. 11113
monela (11 modulo mezzano. Una 31313113. Diversi frammenti
di Ι33133. 113121 3313311333333313 (11333 (131 13311333 13 13133
'rimante 111 uno 313313 3 desim 13 1133113.Ι 3113 33113 313333 331
Foro 1131113113 (131 31333133 33113 3333 331 11331111,3133113 333·
331111 ’33333311 3333111. 11331133. Una Ι31333113. 11113 pentola
33333313 33 311 1133313331 o 1333113 31 13333 33313313, 13 111333·
31 33311333 3313331113. 113 p'iccoi'o 3333333333111311331
1111111113. 1111133333. ii... iocerne di 3113333 3333113333. 1133

, 3133313 331333 333 11333131333111118113, 33133331 3113311 ivi

rimasti.·Ui1 3333 331133331333313 333 3113111113 31 (11313313
33333.

Β 1-’9 113333ὲο113313 1113111113, primodo! 33333313, 3131311111
1’ invio 33311 3333111 antichi 3131331111 13 questi soavi (13311
3111311 giomi (131 11. p. 3333, ’3111313 11 13311313 3 3313133313
da 1313331311. 1183333313313 313. D. Francesco imparato 31
3333313 1311311311, 3333 133113 13 debita 33333333 31 11331
11133311311133. 1131313313 3333333113 poi 31 3 13133313
331 31313333 331 331113 vico 313313, 3 333133 13 313333 33113 For-
1333. 1133 1’3(1131333ο(1311313333 13 33113 313313 333331 31333-
31311 11 33333311 333311133113111. 1133333. 1133 313331331333
di (133. 1133 31333113. 1133 3133313 31 modulo mezzano. 111133
pii 3133313. Uo piccoio 3333333113.

111-’12 Mario-'1 13313311 3333 13 due ponii; 1113333113
313333 33113 Fortuna, e 1131 'vicolo 313313 3 333133 13313333
3333331313. 13 (13333113 1131133113 3 333133 11 33333113 vicolo
31 3 3133331113. 1133333. 1133 3333113 33 13133333 1113131133 coi
3113 manico. Uno 33333 313331333 31 (3333311133. 1133 3133313
(3333331113 31 qualche 3333. Una coppo di candelabro. 1133
3133313 3133331333 331 33333313. 1133 13313 31 3111331 33113-31·
liniche. Uo piccioio coriidojo di 3333311133. [1313 313331313313
3133313333 3113 3333313333. 113 13313 33 33333133. 1111 (133.
0331133 3133313 333333. Tre 331131 313331331 33333333131333.
Due 3133311333111.11(1 1131 aestino 33113 base 33 3313 31 1133333, '
3333331333111333113113 33 333 quami 3133333 3133133
1333113 3 31113331 3333111( 11 3133331313 aestino 3 in 3331 porte

τοι. (3. n

 

