3 313 11 33133( 3. 333. a. 3333333333· 115

33311331 quale 333 mai 31133 3333 13 3313331 questa antica
31113 113333 31313333 3113313 3331133133 3331331333, cho 3333
servisse 13133113 33311333 uso di 133333 33113 31331333 331133;
oio essendo 133113 33333331333 33113 31333133333313331333
331 33331333, 33 333113 dal 33333113 31 acqua che va 3131113
3 3331133 3333 33 31 33 333313 31 1311133133, 11 quale seoz'allro
3333133 33 1333311313. Τ3113313333333133113 13 33333313 331
muro occidentale 331 viridario 333133113, 1333333333 3 333
3313333 31 (33331333 3333313 31 313333 3131313, 333 capitelli
3333333111 333 31 33333333331333 33331 3333 333113, 3333333
cho 331 diametro di 331. 3113 333333 31333333 3113113333 31

331. 13, (3133333331 11 333113113 333313 31333113 133113 3 slo— .

33333 3 31331313 331313, 313 13333 alquanto 133113313 33333
11 pavimento del viridario (cosa spiacovole)‚ composta di 333- '
schino loro 333 13331333133 3 11313113, 3113 133333 3 3133 11 na·
331333313 33113 allae. E da 3313331 che la fontana 333 313 333-
13331 mezzo 33113 333 3313333, ma mollo si 31333313 33113
31313133, 3331313333331 3 quella 313313333313313331331313.
03331313 3113 13 33 sodo di 1313133133 333333313 3311 13313313
moro 331. 3²l3, allo lino 3113 ciana (131 3133131313331333 331.
wli, largo 331( 9; 331 333 mezzo 333331 333 31331113 33331-
313331333 13333 331. 5113, 33313333 33113. 233, 3113 33113-
3333133113 33331333 33333 331. 9¹15. Τ3113 13 133313 3313313-
33 331 sodo, 33 333133 13 31331313, la 333313 3333333313 3 333331-
3331 varj colori 3 3333331331 ; avendo 13331ιί33113 3 13 31133
(3333331333 3333113333313 333333313 333 3333 3331331333,
33113 quali gli 3311 sono conlornali (13 33133311 3333113113 31
33313 333333333, 3133 113311333 333333 313331 31333331 33333·
33311333311 3311 opera. 1333 313-331111 3133 ne' (133 1311 (13113
31331313 3131333333, sono 313331111 31 1331 maimo paonazzello
1133 3113113333 31 331. 3, 3333 1333313333 333 333 31331313
3133333, 33333 31 (333 3 31 la sono 331133313 333 3333311333
31 maimo 33313 31 13333 133333, 33333113 quali 33333333313
33113333, 131133 333 13313 amana 3331333313 33113 33313 13-
seriore da una 33331-311131333331133113 3 11331, 13 (33313 3333
13333 33113 333313 1313331 31 3333133333 133333. L’ 33333 1311
3333311333 33313 33111313333, 3 31333313 33311 333131 3 33113
133333 lla 13113 3333333 33 313333, 33133 3333 3333133333113·
corvi 1333333 13 133333 31 33113. Alla medosima 3113333 33113
3333313333, 3 (133133 33113 31331113, 133331 13 33131331 1333333
333 13 333333 dell'acqua, 13 qualo 313333333 333333 3 3333-
311113333 333 33333113 31 maimo blanco, 33333313 31 331 333-

 

