86 · 1331311311111131131111111131313111

1 1133331313 - Lo 33313 qni 3333111) 33113 spirante 33111-
13333 333 31 11 331313 31111313 331111 3311133331133331333,
perche 1313113113 33113 313333 3313331313 3113131 313131,
33113113νί3 313 3133333113 3 33331113 11 133313 3133133313 3
131331 3113 p. p. 13333113, 313 niente di nuovo 31 3 1133333-
13, 3113 1331113 13133 33 3133133331133113; 3313 3311113 13333-
333113, 3113 3331133333 quelle 11313313313313333333113, 13
33311 33111133111133333331113333133311131311313 311 3133-

3133311 3333111313111131133131 1133311131333131133113313133- ·

mento, 333 1131313313 1 13311 31311311, 3 procurare 33133313,
3311333313 313 3333111113, 3113 333 13333 33133131 11333 33-
311331131113311131,3113331 possano 3333131333, 33313111 13
13131333133331331333, 3 quale 1333 3131133331 Pompeiani,
essendo 333313 3 1313 311133 13 3313 13331313 331 3113331111-
13333 31133333, 3113 Pompei 3 1’ 33133 Museo 3113 3313131
possein 1311311 133333. ’

t Ν33313113-Ν31 giorno 3331113 31 queste 33113313 331·
1131333 mortedi, 3331133333331 133131133331333133131333-
13 3113 333113 11311313 civite, si 1131333313 333 3311131333
3131113 31 1113333, 3133 13 13313 313 3313113 333113 331 31333 31
nomo giovine, 31313333333 31 33131313, 3 siccome 331333-
33313313313 13 trovato 33133313 333 33131333 31 3113333313

31 313133 33113 313333 3313113 (come io 13 3133111331 oon mio .

13333113 33311 11 331 p. p. 31333 31 31131113), cosi 11313333
33 3331313 3313131 1131133113 11 1113333313 31 esso 313133, 3
13133 3331333333 31113 333313; 3113 3313111113 1333131311313
313333131331, 3333333111 3333331133311133333333113331333-
n 13 sternumento 3 1313 3333113. 1113ρὶ31311 31313313 poca
31313333 31 131133313 33113113 331 13311333313,1131331133111313
33113 313131131313331311333333 33 3311313113 emano, 33333-
1331 331313333 1131133313 331133133331113 1333313111 31333-
13 31 3133313 3133313 3333 3 1331131 313333113, 311313333·
3331 maggior 1131113313, 311 333333 13 331113 311133333 33131-
31311313 13 simili 3113311333ιί, 31111131311131333113111133-
33111 31331331, 3113 331313 seeo 33333113 questo 13131133, 313-
3333331 33131· 33113131 33113 1333. So 33133333331311313
fortuna 3113313 3333113333, 333 1133331313 3331331 13133 131
subito consapevoie.

11 Ν3331111113-011131313313, 3133313113 331 313113 33-
3113331111 313133 31 1113333 qni 1131313, 3313313 3133111331 3
131333 mio 13333113 331 7 33113313 13333; 33113133. p. 3 po·
33 31313333 331 13333 313333 31 3 avuta 13 1311333 31 rinno

 

