3313 xxvm 11. 11133. 13331331. ive. 1. 1333313331. 200

gruppi 111Β3333311 33333111 331 3111 grande amore, ed altri
333133311333333 (1111333131 333, 11 quali 13333333 333133-
313 3 133 grandi quadri di 3111133 333333131333, 333333-
33333313313 Achille quando prende 3 313333 13 vestimenta
1313131Ιί, 3333313313111111333 33113 3331311 1133131313, 131133
(quasi 13113 pei-duic) 313 13333113331333313331133313113333
3331331133 33313 33313333 11 Briseide.

13 333 13113 33113113 31333133, in 33333333 11 S. 11. 11 Re ,

iis„ ii giorno 7 enitente 33333111 133333 1 33333311 3333111.
1113333. Un 333113333 331 1333133 1131333313 3 3311313 3113
33311, 333 31331313 3131333 333 11 33331333313311 333133111
romanoe varj pezzi di cateno, 333 3333313131 331 333333·
311313, 11 1331333113 13113 313333 333331333, 'quanio strigili con
31331313 manico che ie 3133133. 33 3333311133133133333
33311313, 3131131 3333331 313 13333 33333333333 33 31333113
333313133 31311 11 31313311311133333, 3331331311 3111313. .
13133. [13 31331313 imbuto, un 13111311333333133133311333
3333 331 131133. 33 1133113113 1131333311 3133131333 33313333
33113 33 3333331 31313, 1133 1333333331 3333 3 3333131331
33 manico. 1313313113, 113 333113333, un 3133313 3333113 31
33 1333133, 31133 3 133 manici, 33 3113313, 33 333331133-
1333 333 33313313 33333 31 11 133133, 31133 3333 31 33 manico
331 1333333113, 333 3133131313333313331313331333333333113
3111 33333, 33333311 31131 333111 men 311333313 considerazio-
ne. Fremmezzo 3113 3333313113313 31333133 3333313313, 3113
131331333 13 33 3331311113 3331113333, 33313 33113 1133311133
11 3331113313 31 3313313, 11313113113 333 133 111311 3313333
1331313 331311 1333111, 13 quali 333333 1331133333313133
3113313313 33331331, 3331333313 33113 3313313111 133313 mem
3313333 31313133 quindi 331133131133311 313333333133 3333-
1333, 13 33311 13333 33333333331133313133133313 3333113
esser 13333333 13133 33331331 11 portici, 331 13333331333-
31333313311. 11131333313331 333 3333 13111 333111, 33113333
333333131 31313 33133333133333113133333 13113 31 1133113333
1331331133, 333 333133333 1 3331113333, 311133331333313313
eopia-ornato. 13331131 3113331333333113333313333333113 131·
1313333313 13 31111131113 3133113 3 313131313113133 131 33-
31311113, come 1113331311 11333313 1113113133 333 1313333311
1331113, 3333313 1313333 1313333 3113333 1331331333. 113333-
31133133113333313 333313 leaeque 3133333, 33133333 331
313133 13 un gran recipiente 1313333313 11 1331113, 33313313
31. 111.. 11 33313 occupa quasi 13 133111311133333113113333-
3331. iv. ²¹

 

