586 marrim 111133111111 amoma

2 1111331113 - Totti i 13131101 331 31 ὲ 13113 monzione 331
313131 precedenti 113333 31313311331313311333113313333 313
111 33313333. L'Architetto Direttore ha ispezionato questo
1131113113, 30 ha ordinato 3113 3113 333 31333313 311333313
13131331331333331111313031331311311 rnicanici 13 quattrobot3
133113 3 31313113 03113 311303 Stabiano, 33333133331 3331311
108, 1131113113331 3113 11 [trotino 03113 33313 oasa
3333313 331 3. 110, 33313 01 13111 31 i 33333113, 333133313
01333133311111 31 3333 1131333ῑί 1 33333311 3333111; cino,
331 33313 03113 11311333 108 31 11 113133313. 1113111131133331-
0313 3310313 dagli antichi 313331, 01 0131113113 311. 0,8. 1131·
1113. La 33113 131311313 01 333 13313 01 vecchio con 1131113, 13
33313 01 33113 30 nn‘ansora di terracona 31 ὲ 0333311313 331
13111313 01 Mercurio. 1131 3131113 13313313 331 3. 11011331·
0133 113113 33113 31113 01 3133113, 01013133113331. 031.
tter-ro. 033133331313313333 33111313133, ed 313333 3333
01 33111 3113313333 1133313 331 3133331133 01 deposito, di nni:
13 30 31111 31113111 3313 13 1311311313331133’113311111033311111
3 03 03331113131. 11311311311333 3333313 131 n. 112 31 ὲ rin-
133313. 1311333113. 11331113331313, 13 33313 3313 31 ὲ 1133-
313 331 ’1331313 01 Mercurio, di 33113 30 333 13113 13131133
di 1333313 33333 manichi 133133313 331 13303. 3 30 3311331-
monto 033111113333113 133333113001111111111111111. 113113 bot
1333 n. 11131 3113333313. Bronao. 1133 13331333 0331111111
333 033 1333311313 01 13333 ne'ciao 1311 313331311, 3333 33-
1333113 33113 30313311 3113 1333133, 333113 131131333113
monimenti, 13333 331. tnta. 1133 3133313 3313333303 priva
031113113313, 13333 331. 02. Ferro. Un 33113113 331 1333133
01 osso 1113133 mancanto di ana 31311, 13333331. 0,1. Non
3113 nno 3111313113 111 3333 3 313111 frammenti 1313113, 133311
31 3333 3311133313 0333311311 13 1333311133131133331131131-
1333 110310113133313. 11131113. 113 vasettino 1113111333 331
manichi discalciati, con 33 3311301 13113 30313313 3113 3311-
313, 3113331. 0,1. Una 31113113 13333 331. 0,8, 30 11331131-
chia di diametro 331. 0‚3; 3013 3333311113133313 un 33113
0111331113 1111133331. 0‚33.

3 1111311013- ’111111 1 131311 113333 3133130113 33133 nei
giomi 3133303311, cd 131113313 31 ὸ 11313331333311133313
01 1330313 3133313 corrosa.

5 1113311113- 11113 313 1111311333 333 30 333131 3733111
31 o 0313 principio 31 131311 01 cavomonte, 3113 hanno 31313
13333 331 3311113 03113 casa 131313113 03113 strada 5111111333,

1

 

