610 »omnum 1666161161 1116161111

di 1116616116 32 6. 116 6666 da 161616. Colore. Uo 6166616 666-
66111 16116 16666. 61116 6166616 66666 di color 61661161. 61116
6166611661616 66666111 6111661616. Ρ6116611166. 1166 6166611

16666111 661661166 1166661161 111 smalto 161116, 16116 16 quat· 2
116 pezzi, di diametro 22 6. 11161616. 1166 11666116 quadrata, 1

di 1668116666 ciascun 1616 76 6. 116 pineolo 6666 6111161616
(11 diametro 2 1166.

20 1116666116 - 16111 1 1616116666661681611116661166166·
so regolare 6611666616, di 661616 16116 menzione 66816161
procedenti, egli 6886111 116166611 6116116666 di 61166 9 661.
61 di 66616 1161 66616 116116 11611686 6686616 661611 6666

soti 1168116611. 11161166. 16166 16 base 111666 66666111 1116- ,
166116 66 6. 1166 6166616 scibo 6 66661666 16686 276. 1161- 3
16. 1161661616616111 66 116666 16111666 di 6611116 66611616, ᾗ
16686 61166. 16116661161166 6166616 661616 66666616661 616- ’

6166 16686 86 6. 116 1166616616 di embrico oolla 66866616
66161

L ’(1111 FAvsn

16686 661166 1 668 6., 6666116 6116 pezzi 611661611 16 16116·
66116 (1111116166 8166116666, 1161166611 661668816 616666 11
casa di Chompionet.

. 6611666166-661661111616 666161 61 611616 611661- 1
616 61 161611616616616616 66116 1161168116 6 61616116 16 6116-
116 116116 866611161, 6116 6666 16616616 6666661168 6 71 . 116 3
Roffaole 6611611616 66116116 6666616 666166166161661616 pro· ’

6661616 666 moneto di 1116666111 modulo piccolo.

21Ν66616616-1161611 1166611111 661 giorno 22 66116616 ’

668611666 661 modo 6116 61 6116116 666 10 66111 6 29 666161,

666116 11611686 6686616 661 6. 68 61 6 116166616 6116
di palmi 9 distante 1161 66616. 11166116. [1666166616 di 616-
(111166616666. 116 6111616666 di 61616116 661166. Colore. 116
6166616 66666111 16666. 16116. 1166 16116611 166611111111161·
ro. 116 66666 666116 16661116116.

26Ν6661111116- 8686116661 161611 6 6168166116 666 16
616666 866166 66111111 116616 61 16811666616, 6 6166116 661
1616 61616116 6116 16116 16 16166 11611686 16 6686116111 666116
6686616 661 6. 11, 6 811 6886111 1161661111 16 ossa sono 1 66·
866611. Vetro. 1166 6666611166 6661161666666161161661166116
16 o. 6616611661616 6666661666116111116 6116 2 1166. 61116
6616 6111666616 di 666 66161666 del 66116. 611617 6. 16116-
16116. 116 166611166 61616686 6116 31 6. 1116666. Uno 666166-

 

16288 ,

