1 331113 1111111. 1111 1. 3133311111. 331

¹ 11·Ἰὸ 11311134 1311111 111 3331333313 111351311133333 111
1133 3111, 31311 113113 3333 31133113 11 secondo vicolo 3113 mura
11111111113113,333113 casa a sinistra 113113 3113113 113113 Fortuna,
3113 tiene il 133113113313113333113113 11 quadrivio.

16111 1131113 - Si ὲ travagnano 111113 31111113 31 giomi an·
teceden1i; uell'ingresso 113113 33333113 313313 3 1133113 1131 331·
1113 113113 casa 113113 3113113 113113 1111113113 si 1 1131311313.
11131133. 1133133311113111 113113.

191131 io:- Oggi 31 b 1333111 1111133313 113313 3113 11 sig.
Α13111131131ζ111311313 331311111113111Ι per 3131311313 11 11133313 13-
13113, 3113 1333313311 3 1131333131 331113 del 3331 11311311111113-
31111311 1131113111 1311. [131 3113 313 31 ὲ detto 1313113 11313·
33111, si “e 3333311313 331 31131 113113 111333311311111311133113
113133333113113. Esso &di 1113333, passandogli un piccolo
1113113113 111 1113111113 11311333 3113 bocca, 313 3331111113 131-
11331 11 3131131111133111 1333113113 1131. 1 113, 3 1131131131 303

11333 3. .

ί111-219113911111-1-11 131313331131111 31111113 31 3131313313-
33 3311.

21323 1431313 -.- Si ὲ 13131313 13 due 3111, 3133 113113 casa
3311113113 13 3113113 113113 Fortuna 113113 1111331111νί3, ed 13
quello 33113 313333 3113113 che 1311113 3313131131 secondo vico-
1333131311313113113 3113113 113113 11311333 113113 13 31133 1131
Fauno-Nessa 3333 dopo il 3331111113, 13 3111313313 3113131111
de! cortile 1111111113 3333, 311113 13113 3311311311 si 11 1111133313.
3133131113 31333131131311310111311333. 1133 31113 111 pic-
3313 31311313. 113 1331131113 ornamento 111 mobile. Ι

2125 1131113 - Si 3311111133Ι 3 13131313 1131131133 1133311113
case: 3 113113 3333 dopo 11 3331111113131133 3131113 3 31111-
31131131 3311111131 ,ὲ 13333113 33113 113113 superiore 1111113 131-
ne. 11111313, La testae 1131131131 corpo di 311 11133313 3313113
13 3113111 1331113, ‚ed 31311113 113111313133 311 11133313 aqui·
113113111 11131111131113 33133113 (1311313333 1113133113 111 33·
§ere un 33313111 acqua. Un 11133313333111113 con 11133133 13113.
[1331333111113111 113113, 1111313333. 0331113 3113113111111131113
13313 111 31113111. Vari frammenti 111 3313313113. Due 3113111113
1333113113 3113111313 311 31 11133111 113113 111 13113 3331113113. Una
11133313 331113. 13113. 0131133 131111113ιοί 11113131, 11 11111 1133»

11313113. 0113. 1131111311 3111311131 131311.

26 1119113-1131133333113113 11 quadrivio, 3 31313113 13 3113-
113 113113 131133331 ὲ 1131333111 113113 113113 ¹superiore 113113
18113. 11131113, 11331113 1110111113 11131311313 grande, ’1131111113-

133. 1. 11

 

