111 33131111311113131131111111111333111

luagbezza 3311 ¹12, 3111 3113313333 13 1133111111 33131113
113113 coma.

311 131113-Ν311ο 313333 133313 31 3 3313311313, 333 13
313333 genle e 31111, 3113 313333 313 31 *a 11313 3113313133 1133
31 lavoro. Dall'aito delle 13113 31 3113111113. 11131113. 1133313
111 1111113313. 11331333311. [133133311131113113. “

3 11133313 -Si 3 33313 13333 agii 33311 3113 31311311 113
quarto, 131313311οεί 33113 3333 113113 8333311131. 113113133131-
31131131 31313133 111 113113 3333 31 3 1111133313. Manno. 1133
313133113 1113333313 113113 1331311111 11133313 wo, di 31113
331. 3 ’1, 111 3113133 3311131331 13 33311313, 3333133333313 33
Termine 3113 11333331 braccio sinistro 3331131133 33113 1131
quale 1311331 33 33313113, 3 31 111 33113 13 1331113 3113 gii 331·
13113 1113331313 33313113 3333. Essa 1311331 3133131333311313
131333 33331313 33113 311113 inferiore 111113113 31313313.

1 111133313-Β1 33311333 3 13131313 33113 313333 333133
33111, 311 3113331113 313 31 3 11313 31133131331133 3113-1311.
Ne} giardino 113113 3313313313 3333 31 3 13333113. Mamo- 113
1313113. 11311113. .

12 1133313 - Si 3 dato principio 31 disterminantem 333
de'giorni precedenti, 3 33’ 1331133131 3331111 3 33111. 113113
1133331131 11 1113131113, 3333311311 331113, 31 33331131333113113
31333313 113311 1333333131 11 133333113333111. 11111333. 1133
3331313313 331 333 1333111313 3133331313 313113 33111131131133
1333133311 3333113313, e col suo manico. Una grappa 333
13113 3331111113. 1133 11111131 111 33113 3133111 113113 1313 31331131
Uno 3311113111 331131313.Τ13 pezzi per 333131113331111311111111
11113. 11331333331133 33113 331 333 manico. 1131133333 13111
33113 333313. 1131113. 11331311313113 1311333111. osso. lin·
33333 331· 3331331333. 11131 3133313 3131111113 3113 3113 331113

, (131133113331333333113 3331331333 3 3133111111 3 3333111-

3113. 331 3111313113 3111 333 3131113113 13 maimo 133313333-
13313 3381133313333 31131113 3 111 31133 331. 25111. 311313
3113 1331333 3331311113 3113311131 113333 1133 33313 bicipiti.

11 1133313--513 posto 13333 agii 33311 3113 ore 9 ed 311

, 3331133131313311331 33113 3333113113 833311131. Α113 2 3. 31.

ha 31133313 questi 113311 soavi S. A. R. 11 1113313311133113113
di 3311313, desiderando osservare i 3311313311113113 33311
113113 5333311131, 313 313313133133 111311311 1131133113, 3 si

33333311111131 1331113 3113 11 3331113 1 pavimenti 11311313 113
3113, 31131111311313. 11 1333331311 sono 3333111 di 3111311133
1113333 3 3313, 31113 3331 31 3333133311111 1133313311 3333111.

 

