t 31113313 11. 11133113 nn 1343331. e. 11331131. 111..
Due 33333131133113133, 333 (13113 33311113 1133331111. 11

custode Pasquale di 83111331 113 3133311313 33 1111333313
(11 33113 (11 1131113113 13 13113 13333 19 3. ed 33 3313311313-
1133113 13133 28 3. ’ “

11 settembre - Alte ore 11 11311333 31 3 posto 3333 ((’13-
1311 (11 (3133331313 (1333111, 313333113311333813111333333 ν
20 3 3131 3 3 33111, 311 3113 spelte (13113 3333111111133313331,Ι
333 εἳ 333131 3 33111333. 1331113 (133 3333111 33131311 edne .
33313311 3333 3111131ιί 3113 3133311 1133331331 (11 tabbtiehe,⁸
e tre 1333331 3113 33113333 (11 questi antichi 1311111311. ’113133-
33333 (13113 13113 331 113133113113113113113 (115131113313113Ι
133313. Merme. 1133 313133113 111113 3113113 13 33 113333,
Essa 3 (11 3311113 3331113113 311 3 33333313 (13113 13313, (11 333
33131333 (131 11133313 31313113 3 (13113 33113 1313113133 3113-
3131313 (13113 3133331113. Le ’333 3113333 3111 31133 palmi β. ,
13 333 parti 33333311 adonta (13113 313 33331313 1133131133
11133113133333111113 rinvenirle; 3313133 31 111131311333 31-Ι
1313133 3311313 a 3333331131 13 333311333313 di 31113 13113,
3133 11313331 331 (11313133 (131 3113 313 13 33133133 313 rin· ,,
133313.

tt settembre - Si 3333113 3 13131313 33133 331 313133 313-
cedente 13 quanto 3311 operui 3 33111, 33113 3133113333
Ι 3113 11 13133113 (13113 Porta di Stabiu 3 pestate 33113 3113111(

(13113 83333131. Tre 13333333 (13113 13113 331 113133113 3113 Η ,

13313 3113 333113 (13113333331111133 ionet. 313113133313 333
accole 313731 313113 1313 111331113 31313333, 13131( 33113 base
3., 313 3.

⁴7 8311313113- (13331111 operui 33311131311313311313331 ,
(133 3331131ιί 3111, 31113 3 due 3333111 3311313113 1333111311
3133 3333 stati occupati 3113 3133311 1133131331113113 13111111·
3113. 311313. 3.· 13 313333 313. Α131111311311331313313,3133 “
31 13333 11311331 (1131311313 13 11311333 (131 3111313 3113 33113 ·.,
strada (13113533311131, indeve 31 sono rinvenuti i 33333311
ί(11333113. 1311131110303113232113331333331 (11 3331131113113 (11
13 313 3 33 3. . 3113 13333331 13 .
131111113133133131111131ὲὶ·
se. Un gran perne. 11313331331311313 33 dente.

22 Settembre - Aue 313 11 11311333 333 133111 3333113131
31 3 (1313 33313313313313 3’ 131311 (11 331333313, 3113113333
31313 13333 33113 strada (13113 833311ὶοί 311 3113 333113 (13113 , , ·
33310133313331. 1113 313 tt 31 3 333333311131313, 3

 

