530 inanimum 4440044444 40440144

444 40 40440 vegetabili 44 4000 4404400044 4 40300044 0330444.
4440440. Una moneta di modulo pineolo 0044044. 4044000440.
4404, 0400044 04444404 4 04444, 4444 26 0. 0044440 0044 dn
40 440.

44 3044444440 - Ι 404044 44 4044404444000 44000 44040 0440-
040400 fine nome nn’ssiorni 0400040044, 0 000444 44 cavamen·
40 44 4000 4040044, 004040 344 000444 4440444 4 4444 444044 40-
00 44044 404440444 4 4440 40· 44334, 004 440400440 4 muni di
04044 40414 04444 4044044 40444 404 Vesuvio. Alie 040 7 4. m.
44 0004440 questo 44044 4440 S. A. 44. 44 44004 44 4404004 000
44440 0044000 404 400 4030440, 44 quale 4 44440 44004040 404-
4Ἀ404440440 444044040 0 4444403030040 44 404443440, 04 4 44440
40044440 444 0404044404 non· 4040, mn 0040 444 4444044040 Sn-
044040040040 300044Ιο 04444444 4400403444 404 40030. La lo-
4444 Α. S. 4000 004404444 444004400040 000444 0400004οη440
04444, 44 444444440 44 000 40440044404440 04030440 00444 0444
4 404444 40444 444444 40440 8004444οἱ, 44 004 04044404 4030440
0040. ni, in dove ni 0000 444400044 4 40300044 0330444. 144044-
4044000444004400440 0444040440 044444404 4140 44 0.,44444-
metro 2 400. 444440 privo 0044000 40444 044444404 4440 4 dec..
44 444004402400.44440404400 parimente privo 40444 044444404,
0000 044040 44 40440 004 000440 04409 400. 44 diametro 490.
Una 4000044 44 0404040 400440 0044044. Un 400440 000 440
pn di 444400οο 8 400. 44440 nonna 344004 44 diametro μ4400.
Ferro. 440004 044044 040 44 4000 4400444 4443440330444 4040444-
bili. Tarraconen. Ln 04440 400044040 44 un' 404044 4 400 mn· 4
04044, 40444 004 444440 0 00444 040044, 4444 044. 4 0 84 0. 04
00 004044 404440.

444 8444044440-40444 4 444044 44 004 44 4 40444 menzione ἶ

00340404 0400040044 44000 44040 40030 004 400444 34040444
0 04044 40144 0403344. Nel lavoro 44 0444400040 044 40 40040

0444 444444 40408004οἰ04. 4444440444 44 04404 044044 42 44 di 4
40044 dei mnrninpiede innanzi 44 04444440 40 4030440 44 000440 4
4030440 004 n. 44 ,44 n 440400040. 1440040. 4404 0004 40440 400- 3
00 004 404444044 4 0444000440 000 344000 4404004ος 44 400- ¹

340444 2 400. 0 44 simile 444340444, 04 40 04440 444404 00
04444400 44 diametro 32 c.

43 3044044440- Alie 040 44 44444400 000 6 044440 24 000· J
444, 444 344044 0 0400044, 44 ὸ 4440 principio n' 444044 44 nn· g
vnmento,·nhn 4400044040 40030004 4000040 0044444440 40444 i
0444 4030440004 0. 57, 04 40 40444 0444 44 4000 40440 40 40440 ’

4444444440 40440 40400 04030440 40 04040044 44 S, A. 44. ii Du·

 

