111 101101001010000111110011001

000011011080000001113110. Paua 011100. 110 0100011001000
0011100010, 010100. 001. 0,01. 80011011100000100 00100010
1000000110, 10100 00 1010001010. Osco. 110 1011100110, 01
11110.ρο 020. 110 1000010 000 0100100 01110 0000 00000.

22 8011010110 -1101 0111011οτ01 le 10110 110011010 00110 000-
vo 001010100110,00030110 00110 1101103110 00110 011000 8101110-
1100030010 00000011 80, 81 0110010000100011010101100010
11 110010 1103100 (D. 0.) 0 1010 1030010 1100113110, 01 0000
raccolti 1003000110330111. 1110000. 11 000100 01 000 00000
0110 001. 0211. 11 000100 01 01110 0000, 0110001. 0,30. ’110
001010 0011000, 000 00110 quali di modulo 00010, 010 0100

00001000010 0100010. 00 000110110 00 01111 1110001111, 1 ,
00011 0000 01011 1100011 110 31103301111001111. rmum. 1100
1001110000 001100, 010100. 001. 030. Diversi 10110011 10 3

1011000110 001010110, parimente 0000011011 110 3110330111· 11-
wrggngmw—Gon 10 010000 000010 01 000101 0100010

10010010, 0 000 00 0010 00110 01 0100030000 1 00000011. 001 ’

11001010 0110 00110 0000010100, 0001100001 110000010. Ono.
1100010001 00100 10110 10 000 00011.

16 8011001110 - Si 01000300111101031100011011001010000-
10 10100. 0000000101 11010000 000300010110110, 1 quali
0000 01011 1100111 001 100010 01 1101οο110.

11 0110110 - ’110100 10 0 00110 0. 0. 110 0001010 questo
1100101108. Α. 11. 11 Principe 0010030 000 000 0030110. 00
0000001010 00000013οα10 001 80000100οο010 30001010 013.
Principe di 8003101310, 000011000111100110110010000110010
013. 0000000111 0 0080010010011, 00 0100000001 00030110 000
00010 000010100110 00110 00110311000110011000 stabiano, 00-
30010 00 00001180, 810 90, 01 0000 11010000 1 00300011
0330111. Brenno, 000 00001001000010 00010 quasi 00110-
00. 110 000110 01 0100. 001. 021. Un 0100010 00000110 001.
0,09. 11110 000110 01 0100. 001. 0111.. 110 1100100010 01 00-
1000 10030 001. 010. [10000110101000000000110 10030 001.
1180. ’110 000111, 0000011 11 0111310000 010100. 001. 0,13,
00 11 010 0100010 001. 0,10. 110 010000οι0 0 0000101110 000
1010 001 000110, 01 0100. 001. 0,18. 0001110 000010, 00110
quali 00001 modulo 310000, 000 01 000010 00010, 0 10 quar·
10010000100100010, 0000100110110 0011000. 110 000110 01
0110. 001. 010. 110 0000110 00 00 000100 0100010010 000
00101010, 00000010 001 0000101110, 0110001. 001. Bm
100 nem. 110 0000000 0001000010 000 00000 01 serratum.

 

