1112 1311133313 3113313131 31313311
33113 soevo 3113 333113 delio 3333 31 (1133313331 311 3333111

11313331133331 33333311. 1133333. 11131333 331113111331131
131311, avendo 133133333331113333. 1 33333131 3333333-
vano 333 strumento 33313313, forse 33311133.

22 8311313313- 13111 1 131311 hanno 3133133113 come 331

’ · giorno di ieri. Verso 13 313 21 33113 soevo 31133 3113 333113

33113 coeo di 333331333131 3 113133313 13 3333 31313113 31
333 313133 331333313, 3333331331 3333133313 3313133333113
1133113 pollice, indice ed anulare, vedendosi 13 333313113-
mo 33313113 33 333113. Le 33111 333333113311333113313331·
33 3331313 3333133 3133333333, 31311333113 1333331313
11 1131331113. Le medeeime 3 3113 ’18 o. 313133 311335 333.

23 settembre -1 13131131 33133333 31 133133133333 e
di 33113113 hanno 3133333113 3333 33’ giomi 3133333311.
Verso 13 31320313 1131133313 33113 soevo 3113 333113 33113
cos} 31 (1133313331 33 33333113 3’ imbuto 1313113, ¹¹¹⁰·
3ο 33.

8 0113113 - Aila 313333 313331 giorno di 1311,’3 333333-
3131 333131 3 33111 31 3 3313 311331313 3131311 3133113333·
13, ohe 33333 31313 13333 33’ 33311 3333133311 33131333·
deote giorno. Alie ore 23 31 3333 3333331 1131311, 3 311 og-
33111 1131133311 33113 3331133113 313333 13 311333 33113 sona·
11131333331311133333311. 1113333. 1133 33333 3133113313 ·
13333 23 3.,1133 fibula 13333 7 deo. 1133 3331311133331 33·
11113ἦ311313331131 3331131111 vitreo. Uo 3313113 3131333·
113 ee.

11 orooro-Tuto i iavori hanno 31313 31133131331133
3333 33’ 3133333311 313131. 1111 1 3. 13. 113 3331313 questo
[13313113 S. Α. 1. 11 1133331 Leiohtemberg 331 333 3333113.
1313331311. S. 1. 3333 31 3131 331133313 queste prezioso
rovine‚ 313 3311313 3313113 1131 31313113 31133 33113 311333
33113 senatrici, 13 dove 31 3 33333113 333 3331333313 3 311
33331111131333113333133333311. 3133313. Due 333313 31
333313 3133313. 11333333313313, 13333 3333133311333133
91 3.,3131333113 superiore 3 333, 3131333113 1313113331
· 3. 3113 35 3.,· 13131313 31113331333313 3111313133, 3 senza
veruno 13133113. 1113333. Uo candelabro senze 1333133 333
113 3133131 leone 33113 base 3 113 133113 31 33313, avendo
13 33333 superiore 31333133 3 3133333131 331 13313, ohe ve·
desi 33111313 331 mezzo. La 333 3113133 3 31 33131 5 e 23 3.
Una 1111313113 13333 6 333, 13133 1 333. 113 33111133 31 porro
privo 33113333 313311133, 3113 18 3., 3131333113 21 3. 1111

 

