1331 mx 11. 1111331113 1. 111. 1. 1333311133. 661

33313333-333313 il 131313 13 633 33311, 3133 33113
3333 3 31313113 13 311363 631 1113133311, 3 33113331331313 63113
313333 3 611113 11 1133111113 63113 13 33313 63113 Regina. 1131
611.111111111111111“.1.111111111 1111111661111113
313113.

21-21 611333 - 1 131311333311333331633 633311111133311.
Ne! giorno 23 33113313 31 6 133331131113333. 113 1133333313
61 33333. Ν31 giorno 25 il travaglio 31 ὸ 1133113 331613131-
13131331111331331, che 1331333 61 113313 3113 casa detta 631-
1113 3131313.

26-36 613333-113113 stesso modo di sopra si 3 11313·
11313. 1131313133 28 33113313 113 1’ 33333333 63113 13113 31
{raccolta 1113333113 1333 3131 3333311313. 113 13313 63
3113133. ·

1-9 133113 ·- 63311333 1161313113 63113 36113313313113 13·
- 31333 61 113313 3113 3333 631113133131313, 313 31 3 13333113.

3131133. 1133 1333331313. 1311313113. 1133 pignotta 311331313.

16 633113-Ν31 331133131 31113 poca 13113, che 1331633113
313333 3 633113 113311113 63113 3333 61313113363, 31311313·
3313 33 3331 63113 331333113 61131133311313313111331311 pezzi,
633113 31 quale 31 3133313 61 argeum, 3 66 61 1113333.

11-15 133113 -Si ὲ 13131313 come nei Ι313131 3333311.
113113 33333113 63113 1311333113 3333 6131333363 31 3333113·
133313. Τ311333113. 6311333133.

16 633113-835311333 i 131311 6161313113331131111331333
36313313 3 31313113 13 311363631 1131333ιί, 3 3133113333113
3113 13313 61 113313 311’ 31113 63113 631113133131313. 1363113
3113, 36 3113113333 61 31133 331. 6 631 piano 31 3 13333113.
1113313. 113 11111133 31113 61 31333133. 1133 33111113 61 33113.
,61113 633 33133313333 63113, 313333, 333 63113 quali 13113.
[13133363113. 113 33333 311331313. 13133 13363 611333. 113
3111363. 1133 331333113 6133331113. ·

11.31333113-313333133 3313311313, come 31 ὸ 63113
61333131ἱΐ131331133333 63113 13113 31 6 133331131113333.
113 333 3113.

23633113-1 131311 613331333313 113633 31313 luogo
33113 331113 3333, 61111333113 333113631111333131313, 33113 3113-
63 631 1113133311. 3113113333 61 31133 331. 9 31 11 113133313, 13
333 313333 3 31313113 11Ι 3311113 63113 3333 6131333363. Terra·
· 33113. 1133 1333133 61 1113333. 113 333113 61 63131113. 1133113-

3311361313636133363131113. -

 

