3 313 nv 11. 1111 331111. 31111. 1. 1133333111. 1111

cN·flELv1VMSAfflNv.‚. 1 13311133111113...
Ano·v·13·n·ss·1²·0·v·F5 vlfflvfflsssvznvffln

111 1113333 -113113 33311311313113 13313 31 3 33333113.
11131133. Tro 3133313 11 1331313 31333333. 31133 3133313. Un

3333311331313133111111333131 Ferro. Un 33333 11 331333
3 magna. Terracoua. Una 1111331133 311331333 333 11313 rossa,
13113 331 13111113. ’ ,

17 1113333 - Si 3 33133313 33313113 331113 1331333 di 313·
133133 11 133313 3113333, 3 33113 333313 1333113111 13333.

..... 1113111111· 3333 A 3111111111 · 33311111
1313111111 · 333 cnomvswvnooorvs·nmmum·-

101

6133113-113113 stesso sito 31 3 33333113. 11131133. Una
moneta di modulo mezzano. Ferro. Una 333113113 31333333
13 1313333133.

13 133113 -Ν3113 stesso sito. 1113333. Una moneta di mo·
131313333333. 113 33313 33333. 1133133. Una 3133311331133
133131133 11 13333 331133, 1333311 113333.

311 133113 - 13 333 13113 313333 3 31313133 13 311313131
quadrivio veggonsi due 1333133111, 13 3331133131113 31 13-
1333133 figure, 33311 3333 3311311311 333313 333 133313
111113, 31 31133 3113 13 33311333 1311333113 11 113133; 3113
333113 3 31313133 31133 133 1133133113 333 si 33313 3333331133
11 33333113, 3313113 133333313 13 33113 superiore.

11133113-8. 31. (D. G.) 333 13 333 113313 1133113113 113
3333313 questo 113313 stabilimento 3113 333 113113 33113, 3
3’3 3331113 3113 3131331333 313313 33113.

13 ,133313- 11311 3113333 13113 13333 31 31333311313131
3113. 1113333. 1133 331333 13 pessimo 31313, 3 33333 1333133.

15133313-13 13113 giorno 31 31311313 31 sig. 11333331
33 pressante 33333313, 131 13313 1331313113 333 13113 33311-
3313 313333 13 33113131 1113113.

28133313-113113113 13113 13133 331 131133113313 133-
3311313333. Una 33333 33311313, 333 31311311133. Duo 3331
13113 3133313 31333 13 1313333133. Una 13331133. Un 333-
3 13.

11 83113331113-113113 313333 331313333111311 33313 31 3·
3313311313. 113113 331313 313313 3 313131331113113 133313, 31
3113113333133333311 3133331133 331. 111, 313 33133313 333
3311313133, 333331313133313 33331 3 31113 33333113, 333 333
133331311 3131313 mezzano 13113 3333333.

 

