101 »mnu 000000000οι mmm

10 0000010000001010000011 1 003000110330111. 0000100110
0000 00 00 manico 0100010010, 01 0110000 001. 000, 01 diam.
0011000000 001. 0100 1100000100 000000 01 00 00000 001-
10010. 110010000010 0010001000110, 01 diam. 001. 030. 000
0101001, 030000 10030 001. 035.

21 110000- Si 01000001000000 ne'giorni 0000001, 0 00110
“ 010000 10001110 01 1001 010 00000110, 0110110000 01 01000 001. 0
00100010. 1100000. 1100 moneta di modulo 300000 000010000-
000010 0000000010. 110 000110 000 30000101000, 01 diam. 001.
0,10. Varo. 1100000010οι0 priva 00100110, 0110 001. 000.
Tarracone. Una 1000000 00110 001 10010011000010000100,
0101010000100001. 0,10. 1100000110 00000 manichi, alto 001.

2⁸ 110000 -100110001100 000001 0 0 00001 100000 10101010

’ ’ 10 00000 00110 0000 00110 001011001οῑ0, 0030010 001 0001100

001 u. 110 0110 010000 81001000, 00 0330111 000 00 00 0000
00000111. 11 1000001000 000 10 00110000 ha 00101ιο 000 moneta
10 bronze 0000000, 01 modulo mezzano.

11100010 - Come ne'giorni 0000001 100000 00010 10030 1
10000101 00000100οἰ000. Da 0000030010 01000011 110011 Ve-
100001 0 01010 0000030010 000 moneta 10 1000000, 01 modulo
000010 0000000, 00 01100 moneta in bronzo 00110 010000 00000-
10 1000 0000000010 0 01010 0000030010 001 custode 0001010
1100000.

18 010000-100000 01100001000 hanno 00110010 1 100001
01 00000 00000001. 1101100000 00110 00110000 000000 810100 oi
0 01010 0000030010 000 moneta 10 1000000, 01 modulo 300000
alquanto 0000000010, 000000οι0 01 00 00000110 001 3100.

21 100110 - La 0000010001000 00011000 00 000301οι1 00000
0000000οἰ 310001. 11 00000010 001 0101000000010 Veterani
001 residente, cosentino, 100 0000030010 000 000101 10 1000000,
030000 01 1003100000 001. 0,10, 0011100000100000010001-
10000 000000 810100 ha 0000030010 000 0000010010000010
300000 10 1000000, quasi corrosa.

1 «100010 ··- si 0 10000010 0010 000 10 00000100οἰ000, 00000
01 0 00110. 110000010 0000110 000 10 00110000, 000000 510100,
ha 0000030010 000 0000010 0000000 0110000οο, 0100 000 000-
010 0 101100 0100010.

19000010-1 100001 01 000010001000100000 0003000110
00000 00310001 0000000011. 11 custode 1110000οο 1100001οο 01
100 0000001010. 1100000. 1100 moneta di 0000010 medio 000
conservam 00 01100 000 0001000011 10 1000000 01010110 000·

 

