1313 3111. 11111311 11. 331333133331111. 11

3311311331 331133113313 3311131333 11331311 13113 3333133 rag-
333113. .

g 1863311313-1133331133, 313331 313 13333313 131 m
nudante 13333 311131 1333133333333313 133313133133313111331-
1331313, 13333113333133311 333 11311333 31133133 113113 3133111
31 1313 3333313 31 Foro, 31 1 333 quasi interamenta 111313333-
13. 033313 siccome 1333331 13 hunno 31313, econ 333113 11-
pinne di animali, 113111, 1133131 31131 ornamenti 13333313,
33111 11313 11333313 3113 3333333 333331313333 3333 11 13-
3313 3 33331111 3331333113, 333 conservarem 3113113313333·
sibile gn’inmnachi 31111331 33131333 1311113131333. 113113
sternumento 131 1331133133 31 nono 313333311133333311 33.,
genti. 11131133. Una 33333 31313 lunga 331. 1 3133. 8, tanga
331. 1 3133. 3 333 3133313 3311333 13 un 1313, 3 333 dnn
113113 33313133 331133311313. 1133Ι 3133313 313 33113 ben 13-
333313 333 333111 ornamenti, lunga 13 333 33113 333331333
3333333 33. 13 3 1313333. 10; questa 1133331 13 33313 1113·
33111313 31 13 33313 3311311311 1333313 dn modulo mezzano
131113331313131133113, 333313331313113 31 333133331313
33 1313, nn 313313311331333133 13333313 di lunghezzn 33.
8, 33 333113 di 33113 333 333 granna, 33 hillino di 33313133
3113 base, 31133113331113111133111 33313 3111 grande, 133 313-
3113 11 serratum, 133 1331333311 33111 333113 appartenenti 3 333-
1311133, 3133 333113111 333 31111 frammenti. 1131313. Una ba-
33113333133313111 di 313133113 333 3333133311 3113313133
1313333313 appoggiavasi, nn mon-tajo con 333 3331331313
333 3331133133. 13 33333 331 3131333333 3311131133 33313,
3133133 113113 313313 31 1313 3311333133313131 Foro, 33311333
1133333113 11 pin 33113 33313313 33113331111313, 1133313333-
133113 333313 33333 131313331311313333331, 3313 3331 111333
11 333331131333 333 qualche fondamento 3 3331 333 333 3133-
33 113Ῥοιι1331331, e 3313133 33133113 3333133311133331 1311-
. 1313113333 313313, 311313333113113311313111131133131.

2 1131113313- Lo 3133333313 11 33313 1313333333 1311133-
313333133131311Ἀ1331133311313 3333313 31 Foro verso orien-
131133131 111131333331313 3333133333 11 decembre. me-
113313 31131 133. 21103113 S. 11. 31 degni) 333311333 331 333
3333113333, 131313 33333333333333111311311333313113 l'in·
11333. 33113113 331333, onm’ 3113 3333331331 113113 313313 3113
13 33313 3333333113, 3 che 131 331331313 131133133313 33111-
111333 13 3131311331, 3311333313 31131133 misum 113313 dn 33
1311313 133311 33333111 (1311331333313333333113 13 questi 33331

 

