386 33333113133113313131311331333311

3 31313133 13 3133113 (131113133113311, 3 proprio 333113 3113 3113111
di 113313 3113 3333 1131131131111333331333. 1113313 1133333333
3131133113 3 33333311133313111 33113111 3333111.

98 01131133· Come 33333 31 ὲ 11·313311313.31113131311ο
31 1333311113. 1133333. 113 3331111113 per 3333131333. 13133.
1133 331-31133113.

2 Νου331133-1 133331 111 3333333313 3333113311 33113 3133-
da (13113333113311, 3 proprio 31 pontone rimpeuo 13 3333 (131-
111333131333. 1131131133311113 3333 3113113333 111 31333 331. 11 31
δ 3131133313. 13333331131133 13333113 311131333311333333113
13 [3333331333.113333113133 lucerne 311 33 331 1333133, 333
111 3333 33113 331 mezzo. Ferro. Una [11331113 3333113.

3 1133331133- Si 3333113 3131331133 33111313333 3113 33333
3311111 3131133. 13 113113 giorno ci 1331133111333313131313-
313131311313 1131 31 31131333 11133113 3 33331311331111. 1113333.
111131. 331. 1113313111, 33113 3331331 3 33333333 31 313. 3311113·

· 33113113333331333 111 333 33333, 3111 33131111 desinare. 11

31313 333331131131333133313 33333 33113 31333331133133 13
3133113 113113 Fortuna dopo 11 quadrivio, in dove si ὲ rinve-
3313. 1133333. Ν. 6 11111131 di porta (1331113331 3111 grandi.
Un 1333113 111313333333 33331 manico, Due 3133313 33111113.
111133 per 133111. 1133111133 333 33313333 113113 313313. 1133
1333333. N. 6 13313111 31113111 [133 311333131333. 1133 eoppa per
candelabro. 1111331333111333131111 vaso 33111. 113 31113113. 111
· pezzi di fascia per 33333131333. 1113133313 diverse. 113
33333333111 monete. 3131133133. Un 11333113 331 3311333113. Vc·
133. 113 13331331313. 1333333113113 133311133. 1133 1313331133.
111133 1133311133 311 33 331 manico.

6 1133313133-ὃὶ 3333113 3 13333333 331 3131133133 3113, 313

. 31 1333133113 3113 33333113 (1311313333. 11331133. 113 3133113.

91113333133-11 1331133113 3331113313 da n. 16 operui 3 6
33331 333113113 33131133 331 (11313333 1131131111331333 3 31313133
13 3133113 dei 1113333113311, 3 proprio quella 3113 13313111 133313
3113 3333 113113 1131113313331333. 111331331113333333 31333313 ·
333333311133313111 33113111 3333111.

111 1133313133-81113333313 33113 3333 3111133, 3113 313111-
3113331133 333113 1131113313331313. 3113113333 111 3133311319,
133 1331313333 (1311313333, 31113131331113. 13133. 1133 113111-
3113 333 quadrata e 131133 113313. Α1133 3133133133313133-
3333133113 londo. 11331133. 1133 3133313111 31311313 pineolo.
113 3113113333 privo di manico. 1133 113131113 333 333113. 1133
31113111. 1133 3313331113. 13333331131133 lucerne 333 11333331-

 

