6 666 vm 66 ιιι ι. tm. 6166666666. w

14 Marto-Nol sito dene 6666664664 64 4 66666446, 6116 di·
646666 44 64666 pal. 49 64 44 sopra 464 1664646646 46446 646646.
466666. Una piccola 66446 6 6666664666, [66666646 di 666 por·
zione, lunga 486. 4666666446. 4466 1666666 64 66 sol 46666
· 66446 664 centro, di diam. 24 6. Due picooli 66666644 64 66
malsono 646666, 4 quali si sono 4666644644 664 4666664644 4466·
66646. Ferro. 4466 6466646 644666 46636 24 6., come pure 61-
464 644644 66644644, 4 quali si sono ,depositati no’ 6663666464
di 66446 64 616664 66446664 44 66466, 64 6 poche ossa 666666
6466666646 64 6664664666 6446. · ,

48 Mam - si 66644666 6 46666666 come 64 4 46446 44 66-
666 per 46 sola parte di 6666666646, 666 644 6146666 44 64666
pal. 44 64 4 66666146. Pana 644666. 446 4641666. Tarracone.
1466 peni 46 464646 646 64 6666666666666 664 Tempio di 4166-
66646. Varo. Varii 66446664 646 64 depositone 166 344 6336444
inutili. Forro. 146644 pezzi 66644644, 646 6366466646 6666666· ’
servati 466 3146336444 4664444.

22 446666 - Verso 16 666 22, 6446146666 44 64666 pal. 42
, 64 44 sopra del 66646 46416 66446146 646646, 64 4 6466666646.
446666. 446 martello lungo 34 6.

23 446666- Verso 46 66646 44644666, 644 6146666 44 64666
pul. 46144 sopra 464 4664646646 46446 646646, 6 666646666646
6664466646 46446 soconda 4644636 6 64646466 6616646, 64 6666
6466666644 4 66366644 6336444. 44666666. Una moneta di modulo
366646 6644666666646 conservata. Due 44446 64666666 466·
36 414 6. 446 666446 44 443666 646664666, 44 diam. 14 6. 44466
614444466 44 44666. [66664666 44 6. 4466 6466644664666 46646 44
6664666 46636 8 6. 46666 666 4666446 666 aquila 6 6444666,
44 diam. 44 6. 41466 4666446 44 diam. 24 6. 4666666446. 1466
1666666 64 66 664 46666 44 diam. 24 6. 44466 66446 661 666466
44 diam. 24 6. 46646 vitrea. Tre coralli.

344 416666- Gli 6336444 6466666414 66446 46666 4644636 6 si·
646466 46146 6666466646 646646, all* 6146666 44 64666 pal. 4 64
44 sopra 464 666646ρί646 46146 6664664666, 6666 64644 4 663666-
4414666666. 4466 4666446 quadrata con 646344646 4466614646
poulo 66 44 6666, 44 6416666 unita 29 6. 4466 4666446666 66-
66666644 6666664664 46636 43 6. 41466 simile 644 6466616 lun·
34 38 6. 44466 46 461466466416614 ultima deserina, (66 66446
46 466 panti. 41466 4666446 646664666 44 diam. 49 6. Una
campanella lunga 24 6. 4466 6466616 644666 46636 43 6. 4466
6466646 66646 44 666664666 666 64166 peno adorante. 46636

43 6. 466364 466. 446 666446 44 diam. 2 466. 41464 466 pit

 

