101 131113111111 mmmmm 31313111

chi 31331 13113333113113·. Non ho manento 13131331311131-
marc 111133333 333 solo 13113333 313313, 133 hcnsi di 13111
3113333111313111131133131 rimasti 1311313 3313133ιί 13113113
13113 313113133313. 33113333131313313 essere 331133311333-
geniumne 11 333 131313 3333133313, 3 conoscere 31 31113113
313 possibile 13 3111111113 33311311333 13113 333 33111.

29 Uannio-Pin 131 primi giomi 13113 3. p. 3311131333 31
13113131 11 1131311313 13 311313, 33131311311333113 gin 3313
333113111133313111313 311113. 11133 313 13 131 13313 333113
133333313311333 331131113 311313, 3113 mena 3113 3311311
33331311311311331111113133 11 113133 Angusto Felice. Sir-
13113 311313, 33331133113313 11 113333113 3113111313 13113
Fortuna, 3131333 33 31313 cheno 331 31333313 31 Foro 331-
1311313 questa 33113. 1333111311331133133311131333 311331-
terh mano 3 1131311313 ii 1313 133113 11 3333 311313, 3 331
tempo 31333313 33113 333113313113133, 3113 333 11333311 sco·
33113 31 c 3113311313111 1311311111 33113113 311313 3 331133-
111333 131 331313313 For03 edin 3333113 13 333 3133311311 di
1313131 3333333313 13113 33333113, 3113 11331131333313 1311

· 3331311331.

1 11111333-1311 giorno 11313113313313, 3131311, 31 33111
13 3333133311 3. M. 13 1133113333 11 Parma, 3113 111331 313-
senza si 333331 uno 33313, 3 3133113133313 13 33’ 3111311333
3 31313113 13113 311313 3333313 31 Foro, verso mummium, 3
3111113313131 33333311 3333111. 013113 31311333 333113
331331133. 1113333. Ν. 11331333131333313 1111131331313313-
13, 11133311 133 3133313313 3331111333 1131333131113333-
131311 33331133131313 hen 3333311313. 0331113 313311 13331-
333133 13311 11 helle 131313, 333 manichi 3133331333313 31-
3311. one 331313, 333 13113 quali con manico. Una 113111331-
11333333 313313 333 133 manichi 11113113313 131313, 313
1313331131 h 1131313 31333313 3 diviso in 13333111. nina
33133 313313 31313 anche 3 133 manichi semplici, 3 movi-
bili. Un bellissimo 1333 331 33 331 manico, 1313113311 ho-
3313. hino 1333 pin 3133313 333113 11 heila forma. 111113 vase
ncnmpana 3133 manichi con 333 11333313 113131313113,
133113 11 331 11 313 33 33113 11 13113 33311313. 1111333313
habri, 3133113113131131113, 313313 313333 33111131 11 13·
133131113113, 31333 131 33311 3311 manca 13 33333133
3133313111111313113 331 11131313 11 3331313 13313113. Un
133311 1313311313333 31 33311 3313113, 331 31311313 1 11-
331113 13133111 13 31111 1331. 1133 313133113, 3113111133 pal. 1

 

