010 commu 1100111100( cnm ·

· 0010 01 cono 1111100011 1 0001101111 oggerii. 1001101. Un’crmc
0 10010 111110 101101110, 00 01 nn 001011010010000101111 110110 }
00110 inferiore, 0110 001. 2,Ἶο Lc 11100 01 00110 0000, 0011 ξ

11000 1000000100 001 mezzo, 010 1011110 0001100010, 0111000
001.0,80, 101100001095. 11110 0100010 1010100101000101100,

1110000οΙ. 200, 10100001. 1,10. 11110 0100010 harenc, di Ἴ

1000110110 001. 01511, 10130001. 010, 1000010100110011110·

0010 00110 00110 0011000010 01 00110 101010. 11 10110 0000011110

001 100010 01 Mercurio.

11 0111111- Dicci 000101 0 0000011011101 1100100110 001
regolarizzcre 1010110 0 000100,001110010110 00110 nnorcTermc
5101110001100010 01010000000010011 10 110 00100101, 10000
quadrivio con qnciin 0031101001ιίἰο 1011000011Ἀ1111011001101,
0 010011000010 01 cognito 01101110010110 0 011110 00110 1001-

0010 Το100. 0110110110 01 01100 011. 10 001 00010 00110 ricc ,

0101010000110. 11101110. Ciaque 0111001 0 10000 01 11010010,
10100 001 ornamenti di 00110, ognnno di (11000100 001. 030.
Varii 1100001111 100000111111111 011000ος 0001 1010101010,
0110010001ρο 00010 00110110 samolo Sciscioio, 0 01010 0011·
regnato 000110. 11101110. Un 0100010 000110 001 0100111ιί000,
01 01000110 001. 001.

13 ortona - 0011 1000000010 00010101 0000101 10 00010-
01001 000100000011010 vcngcnc 0010110110,οᾱ 0 01010 000-
00110. 11100110. Unc 11100010 00010 0011000.

18 0110010- nne 010 13 italiana con 10 000001 0 2 carri
01 0 0010 011001010 010100101001000010, 1 qnnli 110000
011110 luogo 001 0011110 00110 0000 00010 00110 011000 stabic-
110, 0010 011010001010010100 01 11101100.

29 0110010-110100 10 9 0 00110 0011001101000 hanno 0110·
1010 questo 11011 0110 11 11001 0 10 1100110000 01 01000110, 1011011
00110 01011 scortari 0015000000001110 00001010 sig. Principe
01 Snngicrgio, 0011Ὰο011110110 01 Casa 110010 sig. 0000000111
0011 8001001000 cd 00000οο01 0110 1000 01000010 00000110
0110 00010 0100010100110, in 1111 cubiculo 00110 00001100 cccc,
0000110001 0101003000010 00111 010 00011 0100011, 10 100010
in quadrivio 000 111110 01 5101110, 0 101101101103001101001000-
000011οο1 1101001111 1 regnanti oggerii. Ferro. Una 0010011101
0 0000000110 000 10 000 0111010, lunga 001. 0,30. 1100 00000
lunga 001. 0010. 1100 001010101111010100110, 000 0000011

111000 00111. Due 11000.110111011100100 01111 frammenti indc-
0001111011. 0110. 110 00110 0111001100100010, 101100001011.
1010010110. Un 1000111110 001111 manichi 0110 0111. 005.

 

