3⁷22 1011100111ον11 1000101110 1110100111

raccolti 1 00011001100110111 aggeui. Bronzo. 11011 01001000 000ὲ
00 0110 0100000010111000111010. Una 1101111 11100100 011 11010100
0110 0100100 0 00110 111 Ι10110 000000110111000111010110 0100010
000 0011 0100100111000111010. 1100 0100010 0011100111 0000011100.
[10 0111100110 0100011111 00110. 11110. 110100111001010,010111
0111111001010011. 110. 11101100. 1100 100001011101011111011100-
0000. 01110111 01011010 0100010. 110 000110110. 1011000110. 1100
100001001111 111010.. 110 01001111 0 11110 0111010101101011111·0
0111100010. 11110 Ι010001 0100111. 110’ ’0010101111 0111000010 1101
00110. 10110. Varii 1011000111101111100000011.

N. B. - S. Α. 11. 11 Principe 11. 10110 111 Capua 00000110
0111010 00010010010000100010 0110 00010 0011110110 000 00111110
1111111 0001000010, 11000 01010 00010010 00 1010Ι 00010, 01 011
0011010 001010Νο0011 1000110011 0030111 0011001 110 10110111
’00010 1101010 0101. 1110000. 11110 00000 0011 11110 0100000010
11100011101011001000100 0011 01001011111000111010 0 00110111 001-
1111111 0100110 100 000 1000100 00011οο00 0100010010. 110110.
1111 100110101010. 1011000110. 1100100011ιο 011 110 10100. ’

111-110 1100001010-110 100110000011011010110 1101 0011110111
101011 01 0 1111100010. 10110001101100100110 010000 10100
0100100111 1011101110. 1111 1000 a 1100 0100101. 110000101001010.
11110 10110110 10110 0011011010. 110 0100011001010 0000101011110.

1-1 1101110010-1-’31 ’011010011010 001 1110101111 001 111ιο0111 ·
’1100011111 00110 0000010 0011101000. Non *si sono 110100011ος-

0111 00110111.

g δ’ 001001110-10011011000 1 1010111110001010001001100-
1001001 11100011 111 1000110110. Tra 101010000011011010110010
11010111111111101110. 010001 11001100011111 0110 01000110 000 000
0110100. 0110 1001000010000111 grandi 01110111, 0100010010 111
0011000. 11 100110111 1100 011000 0110 000001111010. 1100 1010111110
111 frammenti 111 vasi. Un manico 101010 111 00010110 001010.
1100 0110000110 111 1100100. 110 10110011100101110100001011101-
1111110 000 001 000111 111 00101110.

· (1111100001 -1001100000 1 101011 ’111 00010100010001
, 1000000011 0 01010110 10 0110110111 Mercurio 11010οι10 10 ’00011
1111001010 e 1011000, 0 ne! 110010 010111000101101101101101101-
101100. Verso 1011001101 010100100110010 mese 110 0001010
questo 110οΙ 0110 S. A. 11. 11 10100100 111 Capua con 0001110-
sima 0001000010, 0110100100011010 1001000.Εο001111001 101100-
11 0110001 000001101000010 10 110111 011011110111100111001111,
0010101111 la 0110110 111 1101011110, 01010000110.11101100;110
0001100010 000 000 0000110· 1100010111, 0100111 du 11011 0011οι1111

 

