90 hominumve 111100111111 1110101111

giorno 011010110110011001001000, 10 000 11011000 0 01010110 111
esso 0110110, 01 11010000101000000110000111. 111000011011101
1000010, 11011000011010000111 modoio grande, 0 001 111 mo-
11010 mezzano. 110 candelabro con 00000 0 001010 (1100010010,
111 0110000 0010010οο 11 010110 111 001 0 h· 111110 0110110, 10110
10010 10111001 00001, 0110000ου00 001101101 010110, 0110001.
111.. 110 1000011 110 manico, di 011. 00. 9, 111001. 00100100
00. ’1. 11000000010010001000 1000100, 11101010. 00. 5 0110

00. 3. 111110 1000 010 0100010011 00 manico, 0 001 00110 01101- ·

10, 011000. 5. 1100 10000 1101 111010. 00. 5⁴12, 0110110 00. 2.
1100101111 10 1011110111 tripode di 111001. on. 1, 0110 00. h.
1100 0100111000 011 elegante 1000100 0 due 10011 001 manico,
0000101110, 0001000 000 doe 11011101, 10000 00. 11 ei 0110
00. 2. 011101000100101100100 00110, 1111000. 00. 8 0110110
00. 3. 01110111 110010 011001010 senza 0100100 0111 1000. oo.
00110-11100101 001 manico 0 0100001000 111 11100. 00.
1Ἶο 011 0110 00. 2. 1100 0010110001 manico, 0 10110 1101 100-
110, 1111000. 00110001 1000100001. 1, 00. 6. [100 000100001-
10. 1100 01111001 111 00110 00110 1100011110 0001. Τ1000100 di
00110. Due 00010101001 111 0000011100. 1100 110010. Una bor-
chia 001 000 000110. 110 001001010 111 001101010. 10110..ὓο
11101 01001001 1000111 senza manichi. Quonim pinnini, uno
(1010001101110100110. Due 0000011100 011 00 manico. 50110
10000, 1101Ιο 00011 110 0000 0111 0100111. 0110 00000110 0 001-
10, 0 001 00110 10000. 0111000000011010. 0111001101ωο pnr-
11001010 a 110 globi. Ciaque 100011101 0 00110 0 01100 010-
01001. hori 0001110 0 00110 senza manichi, 0 001 00110 01101-
10. 1100 1001110οί01. 0001110 0100111011 00000011011,11001101 Ι
00011 010 0100111. 01010801 0100011101 senza manichi. [100 Α
0100011100011101 0101000111. 1100 011011 011 001000100. 11011101
1000100011 00 10100111 diverse forme 0 0100110000. 110 000-
110101110111 10110 10110 11111110 pezzi. 0 senze 00000.

11 1110010010-110110011001 010011 10 00010 00110 0010 0110-
110 0110 0001101101 11010 011110 10100 conmunione, 01 010000-
11010111 110010 00 grandimonten, 001110010000111000011110

editi alquanto angusti, 000 0001111000 0000101100 0011010 10- ,

1010110110011001100. Sino 0 000010 00010 000 01 0οὸ hene
000001101010 0001 010 0101011 000 00011110 000, 100 0001100110
se 000010 0100001010010110100010, 0100110 0110100οο 1000-
0101 01000011110000011010 10000110110110000 001100 010010
00, 0 000 1000011010 quinci 10100 0 lei 0101110ιί010 1100011010-
00. 11 1001001011οΙ 00101101111110000, 0000110000ῑο 0110 con·

 

