648 tomum! 3333333333 33333333

333 334334333433333 33343343 34 33333334 333 33333 343333-
3433343, 3433 433 33343 luogo 33443 4334433433 33443 343333 843-
= 54333, 3333343 33 numeri 400, 404, 403, 407, 33443 quali
333334 3433333ιί iseguentioggetti.13ronzo. 03 3334433333 334
3333433333333433333433333333334331333333333343333413370. 4

33333 3333 33 33333303 3. , . 33333 333
privo di manico e 3333334343, 3443 334. 055. 033 pentola 333
3333334343 34 legno 3334 conservato: 43 3333334333 3 33433 34
manichi, 3 33344333 43333 33333333, 43 333 3443333 3 34 334.
085. 033 3433344334333 333333343 334 33334333333343 manico 4
3333333043, 34 diametro pal. 042. 03 manico di 33333,
lungo 334. 065. 03 3333433 privo di 3433433, 3443 334027.
03343343 34334333 33333333, 34 diametro 334. 027. 033 ,
campanella, 4333 33333343 3 434433 343334333, 43 prima 3443
334. 0,47,’3 13 3333333 334. 045. 033 3433344334333 3333343 ’
3333333. 03 3433344334333 33333433 43 333 pezzi, di lunghez·
33 33443 334. 050. 03333333 33433334 43333, 34 3433333433 3
334. 050. 733 monete di modulo medio 3333333. 03 3333433
34 33333543 33443, 3443 334. 035. 0333433343 03334343 333
333443, 34 diametro 334. 042. 03433. 033 0333433 33443.
3443 334. 070. 03 4333333ιοί3 privo 334 4354433, 3443 334334
025. Tarracone. 033 4333333 33 33 43333, lunga 334. 040.
44433 simile 3333333343 334 manico, lunga 334. 037. 4433 433-
334433 333 3333433 33333, 34 diametro 334. 020. 443 34ω343
343333, 3443 334. 045. 03 33330433 3434333333333 manichi.
3443334. 050. 03 335333334343 34 3333444 3333333343 334 333·
3433, 34 diametro pal. 048. 03 33433333343 3443334. 050.
0333433343 3333 manichi 3443 334. 037, 33 33 vaso 333
bocca larga 3 3333334343, 34 diametro 334. 050. 4433 43333·
menti di 43333 333 3333433 33333, 43333344. namo. 03 34-
343443 4333343343 3 43343 3333, 3443 334. 045. 44433 termina·
4333443, 3443 334. 037. 03 3333. 033 3333443443 34 34333.
334. 025. 0333433343 343433 33333433, lunga pal. 032, 433-
33 334. 048. 0333. 03 3333343333 lungo pal. 040. 033
343333 lunga pal. 060. 03 3343 3 4333 334 333 3333334343,
3333333343 33443 33343, lunga 334. 050. 03 pomo 3 guina di
44333, 34 343333433 334. 043. 04343443 33334 3444333434 433344.
0333443433. 033 gran conchiglia 3 4333333. 3443334. 4,40.
mbo. Sedici 3433344 3334. 443343 344333. 0333333444. 0333.
[memo. Ferro. Una serratum 3 mappa, 333 333343, 33 un
3 33.

23 Sonam - 4434 3333333334 3 343333333 43 43333 34334·

 

