13131111. 113. nn 111 11. surr. 1. 3333311113. 313

311 1130113 - Si 11131331131133113133011113311113310333113
13313 di 110313 3113 3333 11 1113133310, 3 311 311331313103 di·
31311313 131113 3333 3113 13313 13 3333110 3113 3131331133.

1101333310 degli 0333111 ohe 3313131330 33110 3313330 che
13313 313311 31 3133333130 113110 13 Terme =Un penzo di

13330, 03313 30131033 11 (133113131133 3010333113 11 131-
1330113. 11011131133131111 131013. 1133 3010333113 33333-
1313. 1133 3133 13333 13 frammenti. 1013103311 113310 11333
313133. Unrosone. 11011133131 3331 13 1111333131133131013
31113 11 31311. 113 3333011 (0330331131. 1111333331 di 3333.
1133 313311 1331 11 31031110. Una (3333111111 pezzi 11331310
’1313331111111111133 131013 311301313 13 (133 33331 301 300 31313
333331310. 11333311311011 1010113133310 33113 3333 133311113. ,
Tulli 311 0333111 nesciui 331 11101331313126 133110183111·
no 31 33313133311110 giorno 30 3303101837,3030113 10111311
0333111 ch* 3313131330 33110 3313330 313311 31 1333333130 113-
110 13131133, 3030313113331111 131133011 331 ordine 3033110·-
13 111 (333310 313330133011110310133 30 330310 1831.

31 1130310- Si 1 11313311310 13 questu 31013313 13 133
11311111 103311 . 3101 3311311 sopra 301313 3111331033ἀί 110313
13 333311 113133310. 31 infundo 13 311313 13113 Fortuna 31
31111313 13 301131111013. 1131 primo 100313 31 e 13000110.
1110130. 1133 313311 31331131111111101. 1133 11013113 301 330
333110. 1311310113.11301310010.1133 133301133. 1133 30331-
3111313.

1-3 8311331113 - Si 1 13101310 30133 331310130331333133-
13. 1103 31 3030 1131333110333111 antichi.

1831133113·- 1 131011 11 3331333310 {runnu 311110 10030
1311333311, 3101131031013 311313 (13113 Fortuna, 3 33113
3333 ultima 3 31313113 13 31131311 Mercurio. Νο331303ο 113-
133011 0333111 antichi.

5 3311311113- Continuonoi 131011 33110313331111130311,
3 33113 3333 3 31313113 13 311313 11 Mercurio 311 113133310.
11101130. 1133 31331011331313 1303313. [13313133.

6 8311313113 -Si 3333113 3 13101313 corne 331 310130 1301-
13313, 3 33113 3333 3 31313113 13 311313 11 Mercurio 311 113-
133313. 11101130. 1133 11113113 13 3313110303 303 133113131133
1303313 11 modulo mezzano. 113 3133010 311330. 1133133333
331313 11113331313111 1131331311. 1311130113. Un 313110. Uo
3111131313101013333110. 13110. Sei 11011031.

1-10 8311311113 -1 131011 3030 311 313331. Senza 3011111.

11 8311311113- si 33311113 311313311313 33113 31131313113

 

