666 ’ munuum 6666666666 mrem

6 661161163366166116166666616661666666666666 6 661116 61 3

66116 616666, 6116116666 61 61666 661. 8 661 66616, 61661666-
6616. Brome. 1166 1666666 66 66 16666 666 6666166 666666-
6661661616 16616 61 66 serpente, 16636 661. 0,16. 1166 666

661661 modulo 6166616 6666666. 1666666116. 11661666666 6 ,
6661166 lumi, 6666666616 661 manico 6 61 66 666666613166,
16636 661. 0,12. 1166 6166616 666116, 6116661. 1116116661- ¹

366116 66116 66116 166666, 66 66661666 6366166616 66116 661·
’16 166666, 16 quali 6666 61616 6666611616 661 ’1666616 61 1166-

66616. Ferro. Pareochi frammenti 6166611 166 3116336111166-
1111. 1166666. 1166 6166616 616166116 666666666166161666666 1

1666,6116661.·11,13; 6116 666116 66116 6666661666 666661 un
66666 6166116 6 36166 61 66616.

12 666616 - Con 311 616661 666661 6 66661, 66 611666 de
311 61161 316661, si 6 6616 principio 6 1166 6’ 16666161 6666-
, 666616 661 6666661666 6116, 66 6116116666 61 eirca 661. 111, 661-
1’ 61163366166 16 16666 661 6666666 6661166 6 666166, audendo
66666 16 666166 6611666116, 61 e 61666661611666661166 666
6616 61 6666616 grande 6666666. 1166 serratum 66666616 66
666 661166 666 66616366 66116 616616, 16636 661. 113116 66116
666661666 66611666 16 6166616 6161666 61 16666 16116 66616616.
Une 16616 61 6161666 666 ornamento di mobile. 1666666116.

1161661666 6 666 manichi 6116 661. 2, 6661666616 66116 666- ,

616 16 66366616 1666161666

ΡΕΧΙΙΙΡΧΙΙ
Rem-1³
...1⁰10AMP11u0..

1166666 lesionem nella 666616 6 66116 66116616, 6116 661.
0,86. Ouo. Due pezzi 6111666161 166611.

. 13 6166616-661611666316661 6666666611, 66’ menzione&
1111116111’611111111601111111111111161616
6666166 661 611616 quadrivio. Brenzo. Forse 66 Lete 6116
661. 0,13. 1166 666666666116 6116 661. 0,16.

11 ,166616- 1 166661 61 6666666616 hanno 6663666116 nome
66311 61161 giomi, e 661 611616 quadrivio Stabiano nell' 61616
6661116 6666666 verso 16 6666166616 666166 6611666116, 61
6616666616. 1166666. 1166 monete di 6666616 6166616 66666·
66. 116 6161666 16636 661. 1122, 61 661166 6166611 frammenti
dilemma. 1666666116. 116 616666 6666666616 661 6666166,66-
66611616 661 Tempio di 1166666616.

 

