mmmmwmmtmmtx. ⁶77]

3444444444-44444444444 444, 4444 4444444444 444444 4
44444 444 prino 4444444, 444444 44444 principio e 4444 4 4444·
44 444 444444444, 4 44 4 4444444444. mo. 444 4444 4414444444
44 4444 4444444444, 44 diametro 444444 444444 pal. 434.

4444444444 444444 44 4444444444 4 44 444444444444 4444-
44 4443444444 44444 44’ giomi 4444444444, 4 si 4 444444444.
44444444. 444 44444 44 4444444444 44Ε44444444444 444 443444
poggium su 444 4444444, 4444 pal. 0, 8. .

“ ’ 9 44444444- Gon 44 444444 4444444 44 operui 444444 degli

41444 giomi. 4444 444 44 4 mem 44444444 44 ὸ 4444 principio
44 444444 44 4444444444 44414 44444444 4144444444 44444444, in
dove 44 4144344444. 44444. Una 44444444 44444 444 44444444, 44·
diam. 4 . , .

44 444444444- Gon fundamento de'giorni 4444444 4 444444
44 4444444444 e di 4444444444 sono 44444 4444444444, 444444 lo*
444444 messe nella parte occidentale del Foro civile, 4 44 44
44444 4444444444444 4 fine 44444 sopra. 441444444444 per
14 44444444 santolo 44444444, 444 4444434444 444 4444414 444-
4444 quasi 4444444 in 4444444. 44444444 4444444444 custode, 444
4444 444 44444444444
4444444444 e 44444444ιί444 hanno avuto 44444444444444, 444-
44 44444444 44444444 4444444444 giomi, 444 444444444444. Tor-
4444444. 4444 4444444 44 44 44444 4444444444 lunga pal. 0444.
444 piano rouo 4444 si 4 4444444 444 ’4444444 44 4444444444, 444-
tumente 44 44 4434444444 4 444 manichi 44 44444444. ·

44 mmo-con 70 4444444 4 4 44444 4444 444 44 4 4444ι
za 44444444 44 4 4444 principio 44 444444 44 44444444444, nel
4444 44444444 44 444444 4444444444, 4444 44444 4444 44444444444
444 Foro civile; 44 4444444444 di 44444 pam} dal 44444, 444-
14 4444444444444 44 44444 si 4 4444444444. 44444444. 4444 444
444444 4444444444 44444 44444444 4 4444444, 44 4444444 4444444444
44444414 4444444444 44 4444444 4444444 4444 b 44444444, 44 444-
decima 4 4444444444 dagli 4444444 stessi nel 44444, 444 ad·
4444444 44 44 [4444444444 pure di 44444444. 44444 44444444 444
Paride. 44 4 4444 pal. 3. 4444 44444444 444 4444 quadrato 444
444444, 44444 di 44444444 ban-digno, 4444 444444 4444444 44 444
444344 4444444444 4444444444. Termantia. Si 4444 4444444 444
4444444 44 444444ιί4 44 444444 44 4444444 44444844444444,
44 44444444 4 44 coppi ; 4444444 44444 4444444444 44 44344444
44 sono 444444 44444 44444444 44 4434444 44 4444444. 4444 444444

444 bitom. ’44444 4444444444ιί 4594444 di terracona 4444 44444

 

