88 1011111111( 0110110111( 110101ιο

101101001110110 vedere in 000011 10011 scari. 1110101 10-
11110, 310010 1110111100 1010111, 10 0011111 11 0001111011130110.

22 Νουο11110 - Nel 00111100101 10 0000110110 10110 0100·
00 011010,οΙΙο 000110101101010100001101111010, 101 011111-
101010, 010 01 01110 0011011 (10110 10110 1010 010100 11
110110. 1101310110 17 001, 1101011011001 011101011030010-
, 011010110 011010 1101001110, 01 11110110101003001110330111,
11100110. Une grazioeissima 0101001101110110 00110331010,

001 timone 0110100110, 01 11 00110110110110000 0110 sini- ι

0110, 0110 01. 2001110110 10 Fortuna, 010 10010110. 11100-
00. Una 0100010 01οι00110 010 sembra nn Mercurio, 0110 01.
3¹!2· Sei 1101010, 010110011 (101010 310110, 0000111011
modulo mezzano. Una 1011101011 13010011001010101101110
1010, 10111010110001. 1, 0101. 1. Una 0000010010 001010
manico 10110 01 0000 101 10110, 0010 sembra 11013011010,
10111011. 01. 1, 01011001. 1. Una 1100110 0101 lune, 001
manico 10110 10110011011111, 11101301. 5, 011001. 2. Dne
11111011100111 00110 00111000010111 1001. Due 1010110 001
300111110οἰ 11 (101111. 100001001011 11 serratum. Due 001-
10. 1110 0100110 11001101010. 11011110. [1101011011 00110,
01 11 0011011 3101011101011 0000011110. Vetro. Una boneia
3101100111 manico, edi 0110110 001. 1 0101. 2, 10110 00
0000101101111010. 1111000110011001010101 diam. 01. 1, 01
0110 00. 1110. Una 1000100 00110 00100110011011011 011. 01.
6. 11110 simile 001 manico, 0110 01. 5. Un 110011010 0001-
uellam, 10111011. 01. 1. 11110 0100010001011100. 0101000111
1011001011. 110 1001110101. Orela. (11011101001011 diverse
grandezze. 1110100001100010011011130. 111 11001110. Una
0100010 010110. Qualem lucerne ad nn 001 10110, 010 10110
100111100ιο10. 11011101110111011011 11 Fauno. Un 00110
011001010113101110.1110011010 11 0100110 001 manico di
10110 0 1011 pezzi di 0000 0110011. ,

22 Νο0011110-111100000010 punto 101 01 1 1111101010
alenn' 01110 00110101 cavallo, 11 10 301110 011101101οΙΙο 00-
10 010110111101101 vi 10011 10110 10 speranza di 0010110
1101010 11 0010110110, 3100011 essendo 10110110101011010-

110010 000101010 011010, (1010 1001010 11 pezzi 0000011110
assai 0010110101010, 01 1010 1110103010 pin 101100 001 03011
110110, 00000010 aranti 00110010110110110. 1101010110 001
101Ιο 1101001110 011010, 101 101110010011101011110000101-
1030, 101Ιο 00110 1110110 101 ann 1010010 01 1 1111010110 00011
010 010110 11 1101011110 11 0000101110010,11110310100001.

 

