11113111 11. 1111. run 11. uc. 1. 1003011131. cll

0113133 31330303. Tre 1111313 10113. 0110 33131 003 3133111·
³ 33 3 10311100110001110 110113 13313. 1133 1133311130 01 qualche
313133. Tre 110101113003 333111. 013333 333111 01 110101113.
Tro 00333 diverse di bilaooie. Un'esla di bilonoie. Allre
33130333303113. ’113 1331301 0111001 03313333. 113 00331-
01110 011303303. Uno 310001133103 0303333113003 03113313
33310310. 1103 13313 diverse 01 1133. 5313331110113131. 1133
3100013 3133113 01 11111103. Uu 3100010 013303310. 113 3100310
3133100 011333. Uo 3100010 13313 13 3113 01 1033113. Seite
corridoj 01 0330313111. 1103 310001133103 0333001113 compo·
31303 033 33301. 111113 0333011113 313303. Due 33130111003
31330 occhio. 113 3100310 133033. 113 3100310 31303 01313·
tue, 001 qualche mobile. [1300033333 3100310. ’1133100010
30111113. .

10103113--110311333301 131011 331 soliti 0333111. 11000-
310 10 313010 31313110 031 33033001330, 13 3033110031 lerze
vicolo 3 03303 03113 strada, 31 3030 raccolti. Brouzo. Un 310-
0010 13110 0111301100 30010101310 3 101310. Due 003313 01 01-
13130 0003101133 3110011331313 811333 311300313 30 333 333013
01 pesce. 1133 133113 3011113 01 figure irregulare. Uo pezzo di
eeroiera. Velro. Uo bel bicchiere 30333311310. 0331110 13311-
03101. 1311303113. Clnque lucerne, 333 01 3333 3 003 lumi.
Pecu 3333 0311031030.

11-11 Lu'olr'o-—l 131311 01 3031303310 3330103033101
1133011111 331313131 precedenti. Nel secondo 01 3331 30311, 3
3103030031313303113 elenze 13 13313 31 0333133310 31110,
13 quale sembra 0003310313 00113 0333 031 1133113111 colorati,
31 3330 131001111110330113 3133 31311013 3313301333311313,
01 0130310331οἰ 2⁸1⁸ 111 33113 10113. [1113131113003311 01
3111303, 30 31110 333311333313 3 33333 0 mobili. 1133333311-
1110130030111111111 3113311 0333111 1311310113. 11113 333013 01
1303303 3 13330 110000, 003 ligurine 13 033301111310 0110 el·
13113 33 1133111130. Μ31310.Ρο131333 di un’ erma roppreseo·
13313 11 113310 01 33 333111313 01 11303 lavoro, e di 313110
aulico.

15-20103110-1 131011 01 3031303310 113330 3103130113
330310 13 033 33311, 330 331 mezzo della strada 03113 For·
1333, 131113 331 3311311110 03113 quinia 0333 3033113 13 311303
00033103. ’113 13003333 03113 1311301333113313333 13 13313
31 3311311113 03113 33003113 quinta 0333, 30113 13 333013 031
1310 033110, 31 3030 13000111. 11101113. Due burchle 003 3331-
10. 1133131113 10113 331 330 01 333031110. Tre 1003113113 031

 

